6	0	1	3	0	0	1	0	1	0
6	0	2	3	28.3408	29.4987	1	0	1	0
6	0	3	3	74.6602	48.9735	1	0	1	0
6	0	4	3	131.9301	41.5608	1	0	1	0
6	0	5	3	166.8322	15.1889	1	0	1	0
6	0	6	3	-166.8322	-15.1889	1	0	1	0
6	0	7	3	-131.9301	-41.5608	1	0	1	0
6	0	8	3	-74.6602	-48.9735	1	0	1	0
6	0	9	3	-28.3408	-29.4987	1	0	1	0
6	0	10	3	30	0	1	0	1	0
6	0	11	3	58.3408	29.4987	1	0	1	0
6	0	12	3	104.6602	48.9735	1	0	1	0
6	0	13	3	161.9301	41.5608	1	0	1	0
6	0	14	3	-163.1678	15.1889	1	0	1	0
6	0	15	3	-136.8322	-15.1889	1	0	1	0
6	0	16	3	-101.9301	-41.5608	1	0	1	0
6	0	17	3	-44.6602	-48.9735	1	0	1	0
6	0	18	3	1.6592	-29.4987	1	0	1	0
6	0	19	3	60	0	1	0	1	0
6	0	20	3	88.3408	29.4987	1	0	1	0
6	0	21	3	134.6602	48.9735	1	0	1	0
6	0	22	3	-168.0699	41.5608	1	0	1	0
6	0	23	3	-133.1678	15.1889	1	0	1	0
6	0	24	3	-106.8322	-15.1889	1	0	1	0
6	0	25	3	-71.9301	-41.5608	1	0	1	0
6	0	26	3	-14.6602	-48.9735	1	0	1	0
6	0	27	3	31.6592	-29.4987	1	0	1	0
6	0	28	3	90	0	1	0	1	0
6	0	29	3	118.3408	29.4987	1	0	1	0
6	0	30	3	164.6602	48.9735	1	0	1	0
6	0	31	3	-138.0699	41.5608	1	0	1	0
6	0	32	3	-103.1678	15.1889	1	0	1	0
6	0	33	3	-76.8322	-15.1889	1	0	1	0
6	0	34	3	-41.9301	-41.5608	1	0	1	0
6	0	35	3	15.3398	-48.9735	1	0	1	0
6	0	36	3	61.6592	-29.4987	1	0	1	0
6	0	37	3	120	0	1	0	1	0
6	0	38	3	148.3408	29.4987	1	0	1	0
6	0	39	3	-165.3398	48.9735	1	0	1	0
6	0	40	3	-108.0699	41.5608	1	0	1	0
6	0	41	3	-73.1678	15.1889	1	0	1	0
6	0	42	3	-46.8322	-15.1889	1	0	1	0
6	0	43	3	-11.9301	-41.5608	1	0	1	0
6	0	44	3	45.3398	-48.9735	1	0	1	0
6	0	45	3	91.6592	-29.4987	1	0	1	0
6	0	46	3	150	0	1	0	1	0
6	0	47	3	178.3408	29.4987	1	0	1	0
6	0	48	3	-135.3398	48.9735	1	0	1	0
6	0	49	3	-78.0699	41.5608	1	0	1	0
6	0	50	3	-43.1678	15.1889	1	0	1	0
6	0	51	3	-16.8322	-15.1889	1	0	1	0
6	0	52	3	18.0699	-41.5608	1	0	1	0
6	0	53	3	75.3398	-48.9735	1	0	1	0
6	0	54	3	121.6592	-29.4987	1	0	1	0
6	0	55	3	180	0	1	0	1	0
6	0	56	3	-151.6592	29.4987	1	0	1	0
6	0	57	3	-105.3398	48.9735	1	0	1	0
6	0	58	3	-48.0699	41.5608	1	0	1	0
6	0	59	3	-13.1678	15.1889	1	0	1	0
6	0	60	3	13.1678	-15.1889	1	0	1	0
6	0	61	3	48.0699	-41.5608	1	0	1	0
6	0	62	3	105.3398	-48.9735	1	0	1	0
6	0	63	3	151.6592	-29.4987	1	0	1	0
6	0	64	3	-150	0	1	0	1	0
6	0	65	3	-121.6592	29.4987	1	0	1	0
6	0	66	3	-75.3398	48.9735	1	0	1	0
6	0	67	3	-18.0699	41.5608	1	0	1	0
6	0	68	3	16.8322	15.1889	1	0	1	0
6	0	69	3	43.1678	-15.1889	1	0	1	0
6	0	70	3	78.0699	-41.5608	1	0	1	0
6	0	71	3	135.3398	-48.9735	1	0	1	0
6	0	72	3	-178.3408	-29.4987	1	0	1	0
6	0	73	3	-120	0	1	0	1	0
6	0	74	3	-91.6592	29.4987	1	0	1	0
6	0	75	3	-45.3398	48.9735	1	0	1	0
6	0	76	3	11.9301	41.5608	1	0	1	0
6	0	77	3	46.8322	15.1889	1	0	1	0
6	0	78	3	73.1678	-15.1889	1	0	1	0
6	0	79	3	108.0699	-41.5608	1	0	1	0
6	0	80	3	165.3398	-48.9735	1	0	1	0
6	0	81	3	-148.3408	-29.4987	1	0	1	0
6	0	82	3	-90	0	1	0	1	0
6	0	83	3	-61.6592	29.4987	1	0	1	0
6	0	84	3	-15.3398	48.9735	1	0	1	0
6	0	85	3	41.9301	41.5608	1	0	1	0
6	0	86	3	76.8322	15.1889	1	0	1	0
6	0	87	3	103.1678	-15.1889	1	0	1	0
6	0	88	3	138.0699	-41.5608	1	0	1	0
6	0	89	3	-164.6602	-48.9735	1	0	1	0
6	0	90	3	-118.3408	-29.4987	1	0	1	0
6	0	91	3	-60	0	1	0	1	0
6	0	92	3	-31.6592	29.4987	1	0	1	0
6	0	93	3	14.6602	48.9735	1	0	1	0
6	0	94	3	71.9301	41.5608	1	0	1	0
6	0	95	3	106.8322	15.1889	1	0	1	0
6	0	96	3	133.1678	-15.1889	1	0	1	0
6	0	97	3	168.0699	-41.5608	1	0	1	0
6	0	98	3	-134.6602	-48.9735	1	0	1	0
6	0	99	3	-88.3408	-29.4987	1	0	1	0
6	0	100	3	-30	0	1	0	1	0
6	0	101	3	-1.6592	29.4987	1	0	1	0
6	0	102	3	44.6602	48.9735	1	0	1	0
6	0	103	3	101.9301	41.5608	1	0	1	0
6	0	104	3	136.8322	15.1889	1	0	1	0
6	0	105	3	163.1678	-15.1889	1	0	1	0
6	0	106	3	-161.9301	-41.5608	1	0	1	0
6	0	107	3	-104.6602	-48.9735	1	0	1	0
6	0	108	3	-58.3408	-29.4987	1	0	1	0
6	60	1	3	1.8884	2.547	1	0	1	0
6	60	2	3	30.9767	31.7098	1	0	1	0
6	60	3	3	79.4316	49.5394	1	0	1	0
6	60	4	3	135.3984	39.7976	1	0	1	0
6	60	5	3	168.8514	12.6974	1	0	1	0
6	60	6	3	-164.7589	-17.6571	1	0	1	0
6	60	7	3	-128.261	-43.1976	1	0	1	0
6	60	8	3	-70.0222	-48.1951	1	0	1	0
6	60	9	3	-25.8298	-27.228	1	0	1	0
6	60	10	3	31.8884	2.547	1	0	1	0
6	60	11	3	60.9767	31.7098	1	0	1	0
6	60	12	3	109.4316	49.5394	1	0	1	0
6	60	13	3	165.3984	39.7976	1	0	1	0
6	60	14	3	-161.1486	12.6974	1	0	1	0
6	60	15	3	-134.7589	-17.6571	1	0	1	0
6	60	16	3	-98.261	-43.1976	1	0	1	0
6	60	17	3	-40.0222	-48.1951	1	0	1	0
6	60	18	3	4.1702	-27.228	1	0	1	0
6	60	19	3	61.8884	2.547	1	0	1	0
6	60	20	3	90.9767	31.7098	1	0	1	0
6	60	21	3	139.4316	49.5394	1	0	1	0
6	60	22	3	-164.6016	39.7976	1	0	1	0
6	60	23	3	-131.1486	12.6974	1	0	1	0
6	60	24	3	-104.7589	-17.6571	1	0	1	0
6	60	25	3	-68.261	-43.1976	1	0	1	0
6	60	26	3	-10.0222	-48.1951	1	0	1	0
6	60	27	3	34.1702	-27.228	1	0	1	0
6	60	28	3	91.8884	2.547	1	0	1	0
6	60	29	3	120.9767	31.7098	1	0	1	0
6	60	30	3	169.4316	49.5394	1	0	1	0
6	60	31	3	-134.6016	39.7976	1	0	1	0
6	60	32	3	-101.1486	12.6974	1	0	1	0
6	60	33	3	-74.7589	-17.6571	1	0	1	0
6	60	34	3	-38.261	-43.1976	1	0	1	0
6	60	35	3	19.9778	-48.1951	1	0	1	0
6	60	36	3	64.1702	-27.228	1	0	1	0
6	60	37	3	121.8884	2.547	1	0	1	0
6	60	38	3	150.9767	31.7098	1	0	1	0
6	60	39	3	-160.5684	49.5394	1	0	1	0
6	60	40	3	-104.6016	39.7976	1	0	1	0
6	60	41	3	-71.1486	12.6974	1	0	1	0
6	60	42	3	-44.7589	-17.6571	1	0	1	0
6	60	43	3	-8.261	-43.1976	1	0	1	0
6	60	44	3	49.9778	-48.1951	1	0	1	0
6	60	45	3	94.1702	-27.228	1	0	1	0
6	60	46	3	151.8884	2.547	1	0	1	0
6	60	47	3	-179.0233	31.7098	1	0	1	0
6	60	48	3	-130.5684	49.5394	1	0	1	0
6	60	49	3	-74.6016	39.7976	1	0	1	0
6	60	50	3	-41.1486	12.6974	1	0	1	0
6	60	51	3	-14.7589	-17.6571	1	0	1	0
6	60	52	3	21.739	-43.1976	1	0	1	0
6	60	53	3	79.9778	-48.1951	1	0	1	0
6	60	54	3	124.1702	-27.228	1	0	1	0
6	60	55	3	-178.1116	2.547	1	0	1	0
6	60	56	3	-149.0233	31.7098	1	0	1	0
6	60	57	3	-100.5684	49.5394	1	0	1	0
6	60	58	3	-44.6016	39.7976	1	0	1	0
6	60	59	3	-11.1486	12.6974	1	0	1	0
6	60	60	3	15.2411	-17.6571	1	0	1	0
6	60	61	3	51.739	-43.1976	1	0	1	0
6	60	62	3	109.9778	-48.1951	1	0	1	0
6	60	63	3	154.1702	-27.228	1	0	1	0
6	60	64	3	-148.1116	2.547	1	0	1	0
6	60	65	3	-119.0233	31.7098	1	0	1	0
6	60	66	3	-70.5684	49.5394	1	0	1	0
6	60	67	3	-14.6016	39.7976	1	0	1	0
6	60	68	3	18.8514	12.6974	1	0	1	0
6	60	69	3	45.2411	-17.6571	1	0	1	0
6	60	70	3	81.739	-43.1976	1	0	1	0
6	60	71	3	139.9778	-48.1951	1	0	1	0
6	60	72	3	-175.8298	-27.228	1	0	1	0
6	60	73	3	-118.1116	2.547	1	0	1	0
6	60	74	3	-89.0233	31.7098	1	0	1	0
6	60	75	3	-40.5684	49.5394	1	0	1	0
6	60	76	3	15.3984	39.7976	1	0	1	0
6	60	77	3	48.8514	12.6974	1	0	1	0
6	60	78	3	75.2411	-17.6571	1	0	1	0
6	60	79	3	111.739	-43.1976	1	0	1	0
6	60	80	3	169.9778	-48.1951	1	0	1	0
6	60	81	3	-145.8298	-27.228	1	0	1	0
6	60	82	3	-88.1116	2.547	1	0	1	0
6	60	83	3	-59.0233	31.7098	1	0	1	0
6	60	84	3	-10.5684	49.5394	1	0	1	0
6	60	85	3	45.3984	39.7976	1	0	1	0
6	60	86	3	78.8514	12.6974	1	0	1	0
6	60	87	3	105.2411	-17.6571	1	0	1	0
6	60	88	3	141.739	-43.1976	1	0	1	0
6	60	89	3	-160.0222	-48.1951	1	0	1	0
6	60	90	3	-115.8298	-27.228	1	0	1	0
6	60	91	3	-58.1116	2.547	1	0	1	0
6	60	92	3	-29.0233	31.7098	1	0	1	0
6	60	93	3	19.4316	49.5394	1	0	1	0
6	60	94	3	75.3984	39.7976	1	0	1	0
6	60	95	3	108.8514	12.6974	1	0	1	0
6	60	96	3	135.2411	-17.6571	1	0	1	0
6	60	97	3	171.739	-43.1976	1	0	1	0
6	60	98	3	-130.0222	-48.1951	1	0	1	0
6	60	99	3	-85.8298	-27.228	1	0	1	0
6	60	100	3	-28.1116	2.547	1	0	1	0
6	60	101	3	0.9767	31.7098	1	0	1	0
6	60	102	3	49.4316	49.5394	1	0	1	0
6	60	103	3	105.3984	39.7976	1	0	1	0
6	60	104	3	138.8514	12.6974	1	0	1	0
6	60	105	3	165.2411	-17.6571	1	0	1	0
6	60	106	3	-158.261	-43.1976	1	0	1	0
6	60	107	3	-100.0222	-48.1951	1	0	1	0
6	60	108	3	-55.8298	-27.228	1	0	1	0
6	120	1	3	3.7853	5.0904	1	0	1	0
6	120	2	3	33.7515	33.8527	1	0	1	0
6	120	3	3	84.2973	49.8835	1	0	1	0
6	120	4	3	138.675	37.9218	1	0	1	0
6	120	5	3	170.8264	10.1871	1	0	1	0
6	120	6	3	-162.6215	-20.0973	1	0	1	0
6	120	7	3	-124.3855	-44.6934	1	0	1	0
6	120	8	3	-65.5489	-47.2162	1	0	1	0
6	120	9	3	-23.4305	-24.9053	1	0	1	0
6	120	10	3	33.7853	5.0904	1	0	1	0
6	120	11	3	63.7515	33.8527	1	0	1	0
6	120	12	3	114.2973	49.8835	1	0	1	0
6	120	13	3	168.675	37.9218	1	0	1	0
6	120	14	3	-159.1736	10.1871	1	0	1	0
6	120	15	3	-132.6215	-20.0973	1	0	1	0
6	120	16	3	-94.3855	-44.6934	1	0	1	0
6	120	17	3	-35.5489	-47.2162	1	0	1	0
6	120	18	3	6.5695	-24.9053	1	0	1	0
6	120	19	3	63.7853	5.0904	1	0	1	0
6	120	20	3	93.7515	33.8527	1	0	1	0
6	120	21	3	144.2973	49.8835	1	0	1	0
6	120	22	3	-161.325	37.9218	1	0	1	0
6	120	23	3	-129.1736	10.1871	1	0	1	0
6	120	24	3	-102.6215	-20.0973	1	0	1	0
6	120	25	3	-64.3855	-44.6934	1	0	1	0
6	120	26	3	-5.5489	-47.2162	1	0	1	0
6	120	27	3	36.5695	-24.9053	1	0	1	0
6	120	28	3	93.7853	5.0904	1	0	1	0
6	120	29	3	123.7515	33.8527	1	0	1	0
6	120	30	3	174.2973	49.8835	1	0	1	0
6	120	31	3	-131.325	37.9218	1	0	1	0
6	120	32	3	-99.1736	10.1871	1	0	1	0
6	120	33	3	-72.6215	-20.0973	1	0	1	0
6	120	34	3	-34.3855	-44.6934	1	0	1	0
6	120	35	3	24.4511	-47.2162	1	0	1	0
6	120	36	3	66.5695	-24.9053	1	0	1	0
6	120	37	3	123.7853	5.0904	1	0	1	0
6	120	38	3	153.7515	33.8527	1	0	1	0
6	120	39	3	-155.7027	49.8835	1	0	1	0
6	120	40	3	-101.325	37.9218	1	0	1	0
6	120	41	3	-69.1736	10.1871	1	0	1	0
6	120	42	3	-42.6215	-20.0973	1	0	1	0
6	120	43	3	-4.3855	-44.6934	1	0	1	0
6	120	44	3	54.4511	-47.2162	1	0	1	0
6	120	45	3	96.5695	-24.9053	1	0	1	0
6	120	46	3	153.7853	5.0904	1	0	1	0
6	120	47	3	-176.2485	33.8527	1	0	1	0
6	120	48	3	-125.7027	49.8835	1	0	1	0
6	120	49	3	-71.325	37.9218	1	0	1	0
6	120	50	3	-39.1736	10.1871	1	0	1	0
6	120	51	3	-12.6215	-20.0973	1	0	1	0
6	120	52	3	25.6145	-44.6934	1	0	1	0
6	120	53	3	84.4511	-47.2162	1	0	1	0
6	120	54	3	126.5695	-24.9053	1	0	1	0
6	120	55	3	-176.2147	5.0904	1	0	1	0
6	120	56	3	-146.2485	33.8527	1	0	1	0
6	120	57	3	-95.7027	49.8835	1	0	1	0
6	120	58	3	-41.325	37.9218	1	0	1	0
6	120	59	3	-9.1736	10.1871	1	0	1	0
6	120	60	3	17.3785	-20.0973	1	0	1	0
6	120	61	3	55.6145	-44.6934	1	0	1	0
6	120	62	3	114.4511	-47.2162	1	0	1	0
6	120	63	3	156.5695	-24.9053	1	0	1	0
6	120	64	3	-146.2147	5.0904	1	0	1	0
6	120	65	3	-116.2485	33.8527	1	0	1	0
6	120	66	3	-65.7027	49.8835	1	0	1	0
6	120	67	3	-11.325	37.9218	1	0	1	0
6	120	68	3	20.8264	10.1871	1	0	1	0
6	120	69	3	47.3785	-20.0973	1	0	1	0
6	120	70	3	85.6145	-44.6934	1	0	1	0
6	120	71	3	144.4511	-47.2162	1	0	1	0
6	120	72	3	-173.4305	-24.9053	1	0	1	0
6	120	73	3	-116.2147	5.0904	1	0	1	0
6	120	74	3	-86.2485	33.8527	1	0	1	0
6	120	75	3	-35.7027	49.8835	1	0	1	0
6	120	76	3	18.675	37.9218	1	0	1	0
6	120	77	3	50.8264	10.1871	1	0	1	0
6	120	78	3	77.3785	-20.0973	1	0	1	0
6	120	79	3	115.6145	-44.6934	1	0	1	0
6	120	80	3	174.4511	-47.2162	1	0	1	0
6	120	81	3	-143.4305	-24.9053	1	0	1	0
6	120	82	3	-86.2147	5.0904	1	0	1	0
6	120	83	3	-56.2485	33.8527	1	0	1	0
6	120	84	3	-5.7027	49.8835	1	0	1	0
6	120	85	3	48.675	37.9218	1	0	1	0
6	120	86	3	80.8264	10.1871	1	0	1	0
6	120	87	3	107.3785	-20.0973	1	0	1	0
6	120	88	3	145.6145	-44.6934	1	0	1	0
6	120	89	3	-155.5489	-47.2162	1	0	1	0
6	120	90	3	-113.4305	-24.9053	1	0	1	0
6	120	91	3	-56.2147	5.0904	1	0	1	0
6	120	92	3	-26.2485	33.8527	1	0	1	0
6	120	93	3	24.2973	49.8835	1	0	1	0
6	120	94	3	78.675	37.9218	1	0	1	0
6	120	95	3	110.8264	10.1871	1	0	1	0
6	120	96	3	137.3785	-20.0973	1	0	1	0
6	120	97	3	175.6145	-44.6934	1	0	1	0
6	120	98	3	-125.5489	-47.2162	1	0	1	0
6	120	99	3	-83.4305	-24.9053	1	0	1	0
6	120	100	3	-26.2147	5.0904	1	0	1	0
6	120	101	3	3.7515	33.8527	1	0	1	0
6	120	102	3	54.2973	49.8835	1	0	1	0
6	120	103	3	108.675	37.9218	1	0	1	0
6	120	104	3	140.8264	10.1871	1	0	1	0
6	120	105	3	167.3785	-20.0973	1	0	1	0
6	120	106	3	-154.3855	-44.6934	1	0	1	0
6	120	107	3	-95.5489	-47.2162	1	0	1	0
6	120	108	3	-53.4305	-24.9053	1	0	1	0
6	180	1	3	5.6992	7.6267	1	0	1	0
6	180	2	3	36.679	35.9179	1	0	1	0
6	180	3	3	89.212	50	1	0	1	0
6	180	4	3	141.7716	35.946	1	0	1	0
6	180	5	3	172.7665	7.6619	1	0	1	0
6	180	6	3	-160.4089	-22.5044	1	0	1	0
6	180	7	3	-120.303	-46.0331	1	0	1	0
6	180	8	3	-61.2627	-46.0505	1	0	1	0
6	180	9	3	-21.13	-22.5376	1	0	1	0
6	180	10	3	35.6992	7.6267	1	0	1	0
6	180	11	3	66.679	35.9179	1	0	1	0
6	180	12	3	119.212	50	1	0	1	0
6	180	13	3	171.7716	35.946	1	0	1	0
6	180	14	3	-157.2335	7.6619	1	0	1	0
6	180	15	3	-130.4089	-22.5044	1	0	1	0
6	180	16	3	-90.303	-46.0331	1	0	1	0
6	180	17	3	-31.2627	-46.0505	1	0	1	0
6	180	18	3	8.87	-22.5376	1	0	1	0
6	180	19	3	65.6992	7.6267	1	0	1	0
6	180	20	3	96.679	35.9179	1	0	1	0
6	180	21	3	149.212	50	1	0	1	0
6	180	22	3	-158.2284	35.946	1	0	1	0
6	180	23	3	-127.2335	7.6619	1	0	1	0
6	180	24	3	-100.4089	-22.5044	1	0	1	0
6	180	25	3	-60.303	-46.0331	1	0	1	0
6	180	26	3	-1.2627	-46.0505	1	0	1	0
6	180	27	3	38.87	-22.5376	1	0	1	0
6	180	28	3	95.6992	7.6267	1	0	1	0
6	180	29	3	126.679	35.9179	1	0	1	0
6	180	30	3	179.212	50	1	0	1	0
6	180	31	3	-128.2284	35.946	1	0	1	0
6	180	32	3	-97.2335	7.6619	1	0	1	0
6	180	33	3	-70.4089	-22.5044	1	0	1	0
6	180	34	3	-30.303	-46.0331	1	0	1	0
6	180	35	3	28.7373	-46.0505	1	0	1	0
6	180	36	3	68.87	-22.5376	1	0	1	0
6	180	37	3	125.6992	7.6267	1	0	1	0
6	180	38	3	156.679	35.9179	1	0	1	0
6	180	39	3	-150.788	50	1	0	1	0
6	180	40	3	-98.2284	35.946	1	0	1	0
6	180	41	3	-67.2335	7.6619	1	0	1	0
6	180	42	3	-40.4089	-22.5044	1	0	1	0
6	180	43	3	-0.303	-46.0331	1	0	1	0
6	180	44	3	58.7373	-46.0505	1	0	1	0
6	180	45	3	98.87	-22.5376	1	0	1	0
6	180	46	3	155.6992	7.6267	1	0	1	0
6	180	47	3	-173.321	35.9179	1	0	1	0
6	180	48	3	-120.788	50	1	0	1	0
6	180	49	3	-68.2284	35.946	1	0	1	0
6	180	50	3	-37.2335	7.6619	1	0	1	0
6	180	51	3	-10.4089	-22.5044	1	0	1	0
6	180	52	3	29.697	-46.0331	1	0	1	0
6	180	53	3	88.7373	-46.0505	1	0	1	0
6	180	54	3	128.87	-22.5376	1	0	1	0
6	180	55	3	-174.3008	7.6267	1	0	1	0
6	180	56	3	-143.321	35.9179	1	0	1	0
6	180	57	3	-90.788	50	1	0	1	0
6	180	58	3	-38.2284	35.946	1	0	1	0
6	180	59	3	-7.2335	7.6619	1	0	1	0
6	180	60	3	19.5911	-22.5044	1	0	1	0
6	180	61	3	59.697	-46.0331	1	0	1	0
6	180	62	3	118.7373	-46.0505	1	0	1	0
6	180	63	3	158.87	-22.5376	1	0	1	0
6	180	64	3	-144.3008	7.6267	1	0	1	0
6	180	65	3	-113.321	35.9179	1	0	1	0
6	180	66	3	-60.788	50	1	0	1	0
6	180	67	3	-8.2284	35.946	1	0	1	0
6	180	68	3	22.7665	7.6619	1	0	1	0
6	180	69	3	49.5911	-22.5044	1	0	1	0
6	180	70	3	89.697	-46.0331	1	0	1	0
6	180	71	3	148.7373	-46.0505	1	0	1	0
6	180	72	3	-171.13	-22.5376	1	0	1	0
6	180	73	3	-114.3008	7.6267	1	0	1	0
6	180	74	3	-83.321	35.9179	1	0	1	0
6	180	75	3	-30.788	50	1	0	1	0
6	180	76	3	21.7716	35.946	1	0	1	0
6	180	77	3	52.7665	7.6619	1	0	1	0
6	180	78	3	79.5911	-22.5044	1	0	1	0
6	180	79	3	119.697	-46.0331	1	0	1	0
6	180	80	3	178.7373	-46.0505	1	0	1	0
6	180	81	3	-141.13	-22.5376	1	0	1	0
6	180	82	3	-84.3008	7.6267	1	0	1	0
6	180	83	3	-53.321	35.9179	1	0	1	0
6	180	84	3	-0.788	50	1	0	1	0
6	180	85	3	51.7716	35.946	1	0	1	0
6	180	86	3	82.7665	7.6619	1	0	1	0
6	180	87	3	109.5911	-22.5044	1	0	1	0
6	180	88	3	149.697	-46.0331	1	0	1	0
6	180	89	3	-151.2627	-46.0505	1	0	1	0
6	180	90	3	-111.13	-22.5376	1	0	1	0
6	180	91	3	-54.3008	7.6267	1	0	1	0
6	180	92	3	-23.321	35.9179	1	0	1	0
6	180	93	3	29.212	50	1	0	1	0
6	180	94	3	81.7716	35.946	1	0	1	0
6	180	95	3	112.7665	7.6619	1	0	1	0
6	180	96	3	139.5911	-22.5044	1	0	1	0
6	180	97	3	-180.303	-46.0331	1	0	1	0
6	180	98	3	-121.2627	-46.0505	1	0	1	0
6	180	99	3	-81.13	-22.5376	1	0	1	0
6	180	100	3	-24.3008	7.6267	1	0	1	0
6	180	101	3	6.679	35.9179	1	0	1	0
6	180	102	3	59.212	50	1	0	1	0
6	180	103	3	111.7716	35.946	1	0	1	0
6	180	104	3	142.7665	7.6619	1	0	1	0
6	180	105	3	169.5911	-22.5044	1	0	1	0
6	180	106	3	-150.303	-46.0331	1	0	1	0
6	180	107	3	-91.2627	-46.0505	1	0	1	0
6	180	108	3	-51.13	-22.5376	1	0	1	0
6	240	1	3	7.6389	10.1521	1	0	1	0
6	240	2	3	39.7733	37.895	1	0	1	0
6	240	3	3	94.1271	49.8867	1	0	1	0
6	240	4	3	144.7014	33.8819	1	0	1	0
6	240	5	3	174.6807	5.1257	1	0	1	0
6	240	6	3	-158.1097	-24.8727	1	0	1	0
6	240	7	3	-116.0195	-47.2012	1	0	1	0
6	240	8	3	-57.1774	-44.7131	1	0	1	0
6	240	9	3	-18.9163	-20.131	1	0	1	0
6	240	10	3	37.6389	10.1521	1	0	1	0
6	240	11	3	69.7733	37.895	1	0	1	0
6	240	12	3	124.1271	49.8867	1	0	1	0
6	240	13	3	174.7014	33.8819	1	0	1	0
6	240	14	3	-155.3193	5.1257	1	0	1	0
6	240	15	3	-128.1097	-24.8727	1	0	1	0
6	240	16	3	-86.0195	-47.2012	1	0	1	0
6	240	17	3	-27.1774	-44.7131	1	0	1	0
6	240	18	3	11.0837	-20.131	1	0	1	0
6	240	19	3	67.6389	10.1521	1	0	1	0
6	240	20	3	99.7733	37.895	1	0	1	0
6	240	21	3	154.1271	49.8867	1	0	1	0
6	240	22	3	-155.2986	33.8819	1	0	1	0
6	240	23	3	-125.3193	5.1257	1	0	1	0
6	240	24	3	-98.1097	-24.8727	1	0	1	0
6	240	25	3	-56.0195	-47.2012	1	0	1	0
6	240	26	3	2.8226	-44.7131	1	0	1	0
6	240	27	3	41.0837	-20.131	1	0	1	0
6	240	28	3	97.6389	10.1521	1	0	1	0
6	240	29	3	129.7733	37.895	1	0	1	0
6	240	30	3	-175.8729	49.8867	1	0	1	0
6	240	31	3	-125.2986	33.8819	1	0	1	0
6	240	32	3	-95.3193	5.1257	1	0	1	0
6	240	33	3	-68.1097	-24.8727	1	0	1	0
6	240	34	3	-26.0195	-47.2012	1	0	1	0
6	240	35	3	32.8226	-44.7131	1	0	1	0
6	240	36	3	71.0837	-20.131	1	0	1	0
6	240	37	3	127.6389	10.1521	1	0	1	0
6	240	38	3	159.7733	37.895	1	0	1	0
6	240	39	3	-145.8729	49.8867	1	0	1	0
6	240	40	3	-95.2986	33.8819	1	0	1	0
6	240	41	3	-65.3193	5.1257	1	0	1	0
6	240	42	3	-38.1097	-24.8727	1	0	1	0
6	240	43	3	3.9805	-47.2012	1	0	1	0
6	240	44	3	62.8226	-44.7131	1	0	1	0
6	240	45	3	101.0837	-20.131	1	0	1	0
6	240	46	3	157.6389	10.1521	1	0	1	0
6	240	47	3	-170.2267	37.895	1	0	1	0
6	240	48	3	-115.8729	49.8867	1	0	1	0
6	240	49	3	-65.2986	33.8819	1	0	1	0
6	240	50	3	-35.3193	5.1257	1	0	1	0
6	240	51	3	-8.1097	-24.8727	1	0	1	0
6	240	52	3	33.9805	-47.2012	1	0	1	0
6	240	53	3	92.8226	-44.7131	1	0	1	0
6	240	54	3	131.0837	-20.131	1	0	1	0
6	240	55	3	-172.3611	10.1521	1	0	1	0
6	240	56	3	-140.2267	37.895	1	0	1	0
6	240	57	3	-85.8729	49.8867	1	0	1	0
6	240	58	3	-35.2986	33.8819	1	0	1	0
6	240	59	3	-5.3193	5.1257	1	0	1	0
6	240	60	3	21.8903	-24.8727	1	0	1	0
6	240	61	3	63.9805	-47.2012	1	0	1	0
6	240	62	3	122.8226	-44.7131	1	0	1	0
6	240	63	3	161.0837	-20.131	1	0	1	0
6	240	64	3	-142.3611	10.1521	1	0	1	0
6	240	65	3	-110.2267	37.895	1	0	1	0
6	240	66	3	-55.8729	49.8867	1	0	1	0
6	240	67	3	-5.2986	33.8819	1	0	1	0
6	240	68	3	24.6807	5.1257	1	0	1	0
6	240	69	3	51.8903	-24.8727	1	0	1	0
6	240	70	3	93.9805	-47.2012	1	0	1	0
6	240	71	3	152.8226	-44.7131	1	0	1	0
6	240	72	3	-168.9163	-20.131	1	0	1	0
6	240	73	3	-112.3611	10.1521	1	0	1	0
6	240	74	3	-80.2267	37.895	1	0	1	0
6	240	75	3	-25.8729	49.8867	1	0	1	0
6	240	76	3	24.7014	33.8819	1	0	1	0
6	240	77	3	54.6807	5.1257	1	0	1	0
6	240	78	3	81.8903	-24.8727	1	0	1	0
6	240	79	3	123.9805	-47.2012	1	0	1	0
6	240	80	3	-177.1774	-44.7131	1	0	1	0
6	240	81	3	-138.9163	-20.131	1	0	1	0
6	240	82	3	-82.3611	10.1521	1	0	1	0
6	240	83	3	-50.2267	37.895	1	0	1	0
6	240	84	3	4.1271	49.8867	1	0	1	0
6	240	85	3	54.7014	33.8819	1	0	1	0
6	240	86	3	84.6807	5.1257	1	0	1	0
6	240	87	3	111.8903	-24.8727	1	0	1	0
6	240	88	3	153.9805	-47.2012	1	0	1	0
6	240	89	3	-147.1774	-44.7131	1	0	1	0
6	240	90	3	-108.9163	-20.131	1	0	1	0
6	240	91	3	-52.3611	10.1521	1	0	1	0
6	240	92	3	-20.2267	37.895	1	0	1	0
6	240	93	3	34.1271	49.8867	1	0	1	0
6	240	94	3	84.7014	33.8819	1	0	1	0
6	240	95	3	114.6807	5.1257	1	0	1	0
6	240	96	3	141.8903	-24.8727	1	0	1	0
6	240	97	3	-176.0195	-47.2012	1	0	1	0
6	240	98	3	-117.1774	-44.7131	1	0	1	0
6	240	99	3	-78.9163	-20.131	1	0	1	0
6	240	100	3	-22.3611	10.1521	1	0	1	0
6	240	101	3	9.7733	37.895	1	0	1	0
6	240	102	3	64.1271	49.8867	1	0	1	0
6	240	103	3	114.7014	33.8819	1	0	1	0
6	240	104	3	144.6807	5.1257	1	0	1	0
6	240	105	3	171.8903	-24.8727	1	0	1	0
6	240	106	3	-146.0195	-47.2012	1	0	1	0
6	240	107	3	-87.1774	-44.7131	1	0	1	0
6	240	108	3	-48.9163	-20.131	1	0	1	0
6	300	1	3	9.6133	12.6627	1	0	1	0
6	300	2	3	43.0473	39.7723	1	0	1	0
6	300	3	3	98.9938	49.5458	1	0	1	0
6	300	4	3	147.4782	31.74	1	0	1	0
6	300	5	3	176.5778	2.5824	1	0	1	0
6	300	6	3	-155.7118	-27.1961	1	0	1	0
6	300	7	3	-111.5487	-48.1829	1	0	1	0
6	300	8	3	-53.299	-43.2194	1	0	1	0
6	300	9	3	-16.7778	-17.6912	1	0	1	0
6	300	10	3	39.6133	12.6627	1	0	1	0
6	300	11	3	73.0473	39.7723	1	0	1	0
6	300	12	3	128.9938	49.5458	1	0	1	0
6	300	13	3	177.4782	31.74	1	0	1	0
6	300	14	3	-153.4222	2.5824	1	0	1	0
6	300	15	3	-125.7118	-27.1961	1	0	1	0
6	300	16	3	-81.5487	-48.1829	1	0	1	0
6	300	17	3	-23.299	-43.2194	1	0	1	0
6	300	18	3	13.2222	-17.6912	1	0	1	0
6	300	19	3	69.6133	12.6627	1	0	1	0
6	300	20	3	103.0473	39.7723	1	0	1	0
6	300	21	3	158.9938	49.5458	1	0	1	0
6	300	22	3	-152.5218	31.74	1	0	1	0
6	300	23	3	-123.4222	2.5824	1	0	1	0
6	300	24	3	-95.7118	-27.1961	1	0	1	0
6	300	25	3	-51.5487	-48.1829	1	0	1	0
6	300	26	3	6.701	-43.2194	1	0	1	0
6	300	27	3	43.2222	-17.6912	1	0	1	0
6	300	28	3	99.6133	12.6627	1	0	1	0
6	300	29	3	133.0473	39.7723	1	0	1	0
6	300	30	3	-171.0062	49.5458	1	0	1	0
6	300	31	3	-122.5218	31.74	1	0	1	0
6	300	32	3	-93.4222	2.5824	1	0	1	0
6	300	33	3	-65.7118	-27.1961	1	0	1	0
6	300	34	3	-21.5487	-48.1829	1	0	1	0
6	300	35	3	36.701	-43.2194	1	0	1	0
6	300	36	3	73.2222	-17.6912	1	0	1	0
6	300	37	3	129.6133	12.6627	1	0	1	0
6	300	38	3	163.0473	39.7723	1	0	1	0
6	300	39	3	-141.0062	49.5458	1	0	1	0
6	300	40	3	-92.5218	31.74	1	0	1	0
6	300	41	3	-63.4222	2.5824	1	0	1	0
6	300	42	3	-35.7118	-27.1961	1	0	1	0
6	300	43	3	8.4513	-48.1829	1	0	1	0
6	300	44	3	66.701	-43.2194	1	0	1	0
6	300	45	3	103.2222	-17.6912	1	0	1	0
6	300	46	3	159.6133	12.6627	1	0	1	0
6	300	47	3	-166.9527	39.7723	1	0	1	0
6	300	48	3	-111.0062	49.5458	1	0	1	0
6	300	49	3	-62.5218	31.74	1	0	1	0
6	300	50	3	-33.4222	2.5824	1	0	1	0
6	300	51	3	-5.7118	-27.1961	1	0	1	0
6	300	52	3	38.4513	-48.1829	1	0	1	0
6	300	53	3	96.701	-43.2194	1	0	1	0
6	300	54	3	133.2222	-17.6912	1	0	1	0
6	300	55	3	-170.3867	12.6627	1	0	1	0
6	300	56	3	-136.9527	39.7723	1	0	1	0
6	300	57	3	-81.0062	49.5458	1	0	1	0
6	300	58	3	-32.5218	31.74	1	0	1	0
6	300	59	3	-3.4222	2.5824	1	0	1	0
6	300	60	3	24.2882	-27.1961	1	0	1	0
6	300	61	3	68.4513	-48.1829	1	0	1	0
6	300	62	3	126.701	-43.2194	1	0	1	0
6	300	63	3	163.2222	-17.6912	1	0	1	0
6	300	64	3	-140.3867	12.6627	1	0	1	0
6	300	65	3	-106.9527	39.7723	1	0	1	0
6	300	66	3	-51.0062	49.5458	1	0	1	0
6	300	67	3	-2.5218	31.74	1	0	1	0
6	300	68	3	26.5778	2.5824	1	0	1	0
6	300	69	3	54.2882	-27.1961	1	0	1	0
6	300	70	3	98.4513	-48.1829	1	0	1	0
6	300	71	3	156.701	-43.2194	1	0	1	0
6	300	72	3	-166.7778	-17.6912	1	0	1	0
6	300	73	3	-110.3867	12.6627	1	0	1	0
6	300	74	3	-76.9527	39.7723	1	0	1	0
6	300	75	3	-21.0062	49.5458	1	0	1	0
6	300	76	3	27.4782	31.74	1	0	1	0
6	300	77	3	56.5778	2.5824	1	0	1	0
6	300	78	3	84.2882	-27.1961	1	0	1	0
6	300	79	3	128.4513	-48.1829	1	0	1	0
6	300	80	3	-173.299	-43.2194	1	0	1	0
6	300	81	3	-136.7778	-17.6912	1	0	1	0
6	300	82	3	-80.3867	12.6627	1	0	1	0
6	300	83	3	-46.9527	39.7723	1	0	1	0
6	300	84	3	8.9938	49.5458	1	0	1	0
6	300	85	3	57.4782	31.74	1	0	1	0
6	300	86	3	86.5778	2.5824	1	0	1	0
6	300	87	3	114.2882	-27.1961	1	0	1	0
6	300	88	3	158.4513	-48.1829	1	0	1	0
6	300	89	3	-143.299	-43.2194	1	0	1	0
6	300	90	3	-106.7778	-17.6912	1	0	1	0
6	300	91	3	-50.3867	12.6627	1	0	1	0
6	300	92	3	-16.9527	39.7723	1	0	1	0
6	300	93	3	38.9938	49.5458	1	0	1	0
6	300	94	3	87.4782	31.74	1	0	1	0
6	300	95	3	116.5778	2.5824	1	0	1	0
6	300	96	3	144.2882	-27.1961	1	0	1	0
6	300	97	3	-171.5487	-48.1829	1	0	1	0
6	300	98	3	-113.299	-43.2194	1	0	1	0
6	300	99	3	-76.7778	-17.6912	1	0	1	0
6	300	100	3	-20.3867	12.6627	1	0	1	0
6	300	101	3	13.0473	39.7723	1	0	1	0
6	300	102	3	68.9938	49.5458	1	0	1	0
6	300	103	3	117.4782	31.74	1	0	1	0
6	300	104	3	146.5778	2.5824	1	0	1	0
6	300	105	3	174.2882	-27.1961	1	0	1	0
6	300	106	3	-141.5487	-48.1829	1	0	1	0
6	300	107	3	-83.299	-43.2194	1	0	1	0
6	300	108	3	-46.7778	-17.6912	1	0	1	0
6	360	1	3	11.6319	15.1544	1	0	1	0
6	360	2	3	46.5128	41.5371	1	0	1	0
6	360	3	3	103.7668	48.9829	1	0	1	0
6	360	4	3	150.116	29.5299	1	0	1	0
6	360	5	3	178.4662	0.0354	1	0	1	0
6	360	6	3	-153.2025	-29.4675	1	0	1	0
6	360	7	3	-106.9128	-48.9642	1	0	1	0
6	360	8	3	-49.627	-41.5844	1	0	1	0
6	360	9	3	-14.7038	-15.2234	1	0	1	0
6	360	10	3	41.6319	15.1544	1	0	1	0
6	360	11	3	76.5128	41.5371	1	0	1	0
6	360	12	3	133.7668	48.9829	1	0	1	0
6	360	13	3	-179.884	29.5299	1	0	1	0
6	360	14	3	-151.5338	0.0354	1	0	1	0
6	360	15	3	-123.2025	-29.4675	1	0	1	0
6	360	16	3	-76.9128	-48.9642	1	0	1	0
6	360	17	3	-19.627	-41.5844	1	0	1	0
6	360	18	3	15.2962	-15.2234	1	0	1	0
6	360	19	3	71.6319	15.1544	1	0	1	0
6	360	20	3	106.5128	41.5371	1	0	1	0
6	360	21	3	163.7668	48.9829	1	0	1	0
6	360	22	3	-149.884	29.5299	1	0	1	0
6	360	23	3	-121.5338	0.0354	1	0	1	0
6	360	24	3	-93.2025	-29.4675	1	0	1	0
6	360	25	3	-46.9128	-48.9642	1	0	1	0
6	360	26	3	10.373	-41.5844	1	0	1	0
6	360	27	3	45.2962	-15.2234	1	0	1	0
6	360	28	3	101.6319	15.1544	1	0	1	0
6	360	29	3	136.5128	41.5371	1	0	1	0
6	360	30	3	-166.2332	48.9829	1	0	1	0
6	360	31	3	-119.884	29.5299	1	0	1	0
6	360	32	3	-91.5338	0.0354	1	0	1	0
6	360	33	3	-63.2025	-29.4675	1	0	1	0
6	360	34	3	-16.9128	-48.9642	1	0	1	0
6	360	35	3	40.373	-41.5844	1	0	1	0
6	360	36	3	75.2962	-15.2234	1	0	1	0
6	360	37	3	131.6319	15.1544	1	0	1	0
6	360	38	3	166.5128	41.5371	1	0	1	0
6	360	39	3	-136.2332	48.9829	1	0	1	0
6	360	40	3	-89.884	29.5299	1	0	1	0
6	360	41	3	-61.5338	0.0354	1	0	1	0
6	360	42	3	-33.2025	-29.4675	1	0	1	0
6	360	43	3	13.0872	-48.9642	1	0	1	0
6	360	44	3	70.373	-41.5844	1	0	1	0
6	360	45	3	105.2962	-15.2234	1	0	1	0
6	360	46	3	161.6319	15.1544	1	0	1	0
6	360	47	3	-163.4872	41.5371	1	0	1	0
6	360	48	3	-106.2332	48.9829	1	0	1	0
6	360	49	3	-59.884	29.5299	1	0	1	0
6	360	50	3	-31.5338	0.0354	1	0	1	0
6	360	51	3	-3.2025	-29.4675	1	0	1	0
6	360	52	3	43.0872	-48.9642	1	0	1	0
6	360	53	3	100.373	-41.5844	1	0	1	0
6	360	54	3	135.2962	-15.2234	1	0	1	0
6	360	55	3	-168.3681	15.1544	1	0	1	0
6	360	56	3	-133.4872	41.5371	1	0	1	0
6	360	57	3	-76.2332	48.9829	1	0	1	0
6	360	58	3	-29.884	29.5299	1	0	1	0
6	360	59	3	-1.5338	0.0354	1	0	1	0
6	360	60	3	26.7975	-29.4675	1	0	1	0
6	360	61	3	73.0872	-48.9642	1	0	1	0
6	360	62	3	130.373	-41.5844	1	0	1	0
6	360	63	3	165.2962	-15.2234	1	0	1	0
6	360	64	3	-138.3681	15.1544	1	0	1	0
6	360	65	3	-103.4872	41.5371	1	0	1	0
6	360	66	3	-46.2332	48.9829	1	0	1	0
6	360	67	3	0.116	29.5299	1	0	1	0
6	360	68	3	28.4662	0.0354	1	0	1	0
6	360	69	3	56.7975	-29.4675	1	0	1	0
6	360	70	3	103.0872	-48.9642	1	0	1	0
6	360	71	3	160.373	-41.5844	1	0	1	0
6	360	72	3	-164.7038	-15.2234	1	0	1	0
6	360	73	3	-108.3681	15.1544	1	0	1	0
6	360	74	3	-73.4872	41.5371	1	0	1	0
6	360	75	3	-16.2332	48.9829	1	0	1	0
6	360	76	3	30.116	29.5299	1	0	1	0
6	360	77	3	58.4662	0.0354	1	0	1	0
6	360	78	3	86.7975	-29.4675	1	0	1	0
6	360	79	3	133.0872	-48.9642	1	0	1	0
6	360	80	3	-169.627	-41.5844	1	0	1	0
6	360	81	3	-134.7038	-15.2234	1	0	1	0
6	360	82	3	-78.3681	15.1544	1	0	1	0
6	360	83	3	-43.4872	41.5371	1	0	1	0
6	360	84	3	13.7668	48.9829	1	0	1	0
6	360	85	3	60.116	29.5299	1	0	1	0
6	360	86	3	88.4662	0.0354	1	0	1	0
6	360	87	3	116.7975	-29.4675	1	0	1	0
6	360	88	3	163.0872	-48.9642	1	0	1	0
6	360	89	3	-139.627	-41.5844	1	0	1	0
6	360	90	3	-104.7038	-15.2234	1	0	1	0
6	360	91	3	-48.3681	15.1544	1	0	1	0
6	360	92	3	-13.4872	41.5371	1	0	1	0
6	360	93	3	43.7668	48.9829	1	0	1	0
6	360	94	3	90.116	29.5299	1	0	1	0
6	360	95	3	118.4662	0.0354	1	0	1	0
6	360	96	3	146.7975	-29.4675	1	0	1	0
6	360	97	3	-166.9128	-48.9642	1	0	1	0
6	360	98	3	-109.627	-41.5844	1	0	1	0
6	360	99	3	-74.7038	-15.2234	1	0	1	0
6	360	100	3	-18.3681	15.1544	1	0	1	0
6	360	101	3	16.5128	41.5371	1	0	1	0
6	360	102	3	73.7668	48.9829	1	0	1	0
6	360	103	3	120.116	29.5299	1	0	1	0
6	360	104	3	148.4662	0.0354	1	0	1	0
6	360	105	3	176.7975	-29.4675	1	0	1	0
6	360	106	3	-136.9128	-48.9642	1	0	1	0
6	360	107	3	-79.627	-41.5844	1	0	1	0
6	360	108	3	-44.7038	-15.2234	1	0	1	0
6	420	1	3	13.7043	17.623	1	0	1	0
6	420	2	3	50.1791	43.1757	1	0	1	0
6	420	3	3	108.4069	48.2074	1	0	1	0
6	420	4	3	152.6286	27.2599	1	0	1	0
6	420	5	3	-179.6454	-2.5116	1	0	1	0
6	420	6	3	-150.5683	-31.6795	1	0	1	0
6	420	7	3	-102.143	-49.5331	1	0	1	0
6	420	8	3	-46.156	-39.8229	1	0	1	0
6	420	9	3	-12.6839	-12.7322	1	0	1	0
6	420	10	3	43.7043	17.623	1	0	1	0
6	420	11	3	80.1791	43.1757	1	0	1	0
6	420	12	3	138.4069	48.2074	1	0	1	0
6	420	13	3	-177.3714	27.2599	1	0	1	0
6	420	14	3	-149.6454	-2.5116	1	0	1	0
6	420	15	3	-120.5683	-31.6795	1	0	1	0
6	420	16	3	-72.143	-49.5331	1	0	1	0
6	420	17	3	-16.156	-39.8229	1	0	1	0
6	420	18	3	17.3161	-12.7322	1	0	1	0
6	420	19	3	73.7043	17.623	1	0	1	0
6	420	20	3	110.1791	43.1757	1	0	1	0
6	420	21	3	168.4069	48.2074	1	0	1	0
6	420	22	3	-147.3714	27.2599	1	0	1	0
6	420	23	3	-119.6454	-2.5116	1	0	1	0
6	420	24	3	-90.5683	-31.6795	1	0	1	0
6	420	25	3	-42.143	-49.5331	1	0	1	0
6	420	26	3	13.844	-39.8229	1	0	1	0
6	420	27	3	47.3161	-12.7322	1	0	1	0
6	420	28	3	103.7043	17.623	1	0	1	0
6	420	29	3	140.1791	43.1757	1	0	1	0
6	420	30	3	-161.5931	48.2074	1	0	1	0
6	420	31	3	-117.3714	27.2599	1	0	1	0
6	420	32	3	-89.6454	-2.5116	1	0	1	0
6	420	33	3	-60.5683	-31.6795	1	0	1	0
6	420	34	3	-12.143	-49.5331	1	0	1	0
6	420	35	3	43.844	-39.8229	1	0	1	0
6	420	36	3	77.3161	-12.7322	1	0	1	0
6	420	37	3	133.7043	17.623	1	0	1	0
6	420	38	3	170.1791	43.1757	1	0	1	0
6	420	39	3	-131.5931	48.2074	1	0	1	0
6	420	40	3	-87.3714	27.2599	1	0	1	0
6	420	41	3	-59.6454	-2.5116	1	0	1	0
6	420	42	3	-30.5683	-31.6795	1	0	1	0
6	420	43	3	17.857	-49.5331	1	0	1	0
6	420	44	3	73.844	-39.8229	1	0	1	0
6	420	45	3	107.3161	-12.7322	1	0	1	0
6	420	46	3	163.7043	17.623	1	0	1	0
6	420	47	3	-159.8209	43.1757	1	0	1	0
6	420	48	3	-101.5931	48.2074	1	0	1	0
6	420	49	3	-57.3714	27.2599	1	0	1	0
6	420	50	3	-29.6454	-2.5116	1	0	1	0
6	420	51	3	-0.5683	-31.6795	1	0	1	0
6	420	52	3	47.857	-49.5331	1	0	1	0
6	420	53	3	103.844	-39.8229	1	0	1	0
6	420	54	3	137.3161	-12.7322	1	0	1	0
6	420	55	3	-166.2957	17.623	1	0	1	0
6	420	56	3	-129.8209	43.1757	1	0	1	0
6	420	57	3	-71.5931	48.2074	1	0	1	0
6	420	58	3	-27.3714	27.2599	1	0	1	0
6	420	59	3	0.3546	-2.5116	1	0	1	0
6	420	60	3	29.4317	-31.6795	1	0	1	0
6	420	61	3	77.857	-49.5331	1	0	1	0
6	420	62	3	133.844	-39.8229	1	0	1	0
6	420	63	3	167.3161	-12.7322	1	0	1	0
6	420	64	3	-136.2957	17.623	1	0	1	0
6	420	65	3	-99.8209	43.1757	1	0	1	0
6	420	66	3	-41.5931	48.2074	1	0	1	0
6	420	67	3	2.6286	27.2599	1	0	1	0
6	420	68	3	30.3546	-2.5116	1	0	1	0
6	420	69	3	59.4317	-31.6795	1	0	1	0
6	420	70	3	107.857	-49.5331	1	0	1	0
6	420	71	3	163.844	-39.8229	1	0	1	0
6	420	72	3	-162.6839	-12.7322	1	0	1	0
6	420	73	3	-106.2957	17.623	1	0	1	0
6	420	74	3	-69.8209	43.1757	1	0	1	0
6	420	75	3	-11.5931	48.2074	1	0	1	0
6	420	76	3	32.6286	27.2599	1	0	1	0
6	420	77	3	60.3546	-2.5116	1	0	1	0
6	420	78	3	89.4317	-31.6795	1	0	1	0
6	420	79	3	137.857	-49.5331	1	0	1	0
6	420	80	3	-166.156	-39.8229	1	0	1	0
6	420	81	3	-132.6839	-12.7322	1	0	1	0
6	420	82	3	-76.2957	17.623	1	0	1	0
6	420	83	3	-39.8209	43.1757	1	0	1	0
6	420	84	3	18.4069	48.2074	1	0	1	0
6	420	85	3	62.6286	27.2599	1	0	1	0
6	420	86	3	90.3546	-2.5116	1	0	1	0
6	420	87	3	119.4317	-31.6795	1	0	1	0
6	420	88	3	167.857	-49.5331	1	0	1	0
6	420	89	3	-136.156	-39.8229	1	0	1	0
6	420	90	3	-102.6839	-12.7322	1	0	1	0
6	420	91	3	-46.2957	17.623	1	0	1	0
6	420	92	3	-9.8209	43.1757	1	0	1	0
6	420	93	3	48.4069	48.2074	1	0	1	0
6	420	94	3	92.6286	27.2599	1	0	1	0
6	420	95	3	120.3546	-2.5116	1	0	1	0
6	420	96	3	149.4317	-31.6795	1	0	1	0
6	420	97	3	-162.143	-49.5331	1	0	1	0
6	420	98	3	-106.156	-39.8229	1	0	1	0
6	420	99	3	-72.6839	-12.7322	1	0	1	0
6	420	100	3	-16.2957	17.623	1	0	1	0
6	420	101	3	20.1791	43.1757	1	0	1	0
6	420	102	3	78.4069	48.2074	1	0	1	0
6	420	103	3	122.6286	27.2599	1	0	1	0
6	420	104	3	150.3546	-2.5116	1	0	1	0
6	420	105	3	-180.5683	-31.6795	1	0	1	0
6	420	106	3	-132.143	-49.5331	1	0	1	0
6	420	107	3	-76.156	-39.8229	1	0	1	0
6	420	108	3	-42.6839	-12.7322	1	0	1	0
6	480	1	3	15.8408	20.0636	1	0	1	0
6	480	2	3	54.0517	44.6736	1	0	1	0
6	480	3	3	112.8826	47.2311	1	0	1	0
6	480	4	3	155.0294	24.9379	1	0	1	0
6	480	5	3	-177.7487	-5.0551	1	0	1	0
6	480	6	3	-147.7956	-33.8234	1	0	1	0
6	480	7	3	-97.2783	-49.8803	1	0	1	0
6	480	8	3	-42.8768	-37.9486	1	0	1	0
6	480	9	3	-10.7083	-10.2221	1	0	1	0
6	480	10	3	45.8408	20.0636	1	0	1	0
6	480	11	3	84.0517	44.6736	1	0	1	0
6	480	12	3	142.8826	47.2311	1	0	1	0
6	480	13	3	-174.9706	24.9379	1	0	1	0
6	480	14	3	-147.7487	-5.0551	1	0	1	0
6	480	15	3	-117.7956	-33.8234	1	0	1	0
6	480	16	3	-67.2783	-49.8803	1	0	1	0
6	480	17	3	-12.8768	-37.9486	1	0	1	0
6	480	18	3	19.2917	-10.2221	1	0	1	0
6	480	19	3	75.8408	20.0636	1	0	1	0
6	480	20	3	114.0517	44.6736	1	0	1	0
6	480	21	3	172.8826	47.2311	1	0	1	0
6	480	22	3	-144.9706	24.9379	1	0	1	0
6	480	23	3	-117.7487	-5.0551	1	0	1	0
6	480	24	3	-87.7956	-33.8234	1	0	1	0
6	480	25	3	-37.2783	-49.8803	1	0	1	0
6	480	26	3	17.1232	-37.9486	1	0	1	0
6	480	27	3	49.2917	-10.2221	1	0	1	0
6	480	28	3	105.8408	20.0636	1	0	1	0
6	480	29	3	144.0517	44.6736	1	0	1	0
6	480	30	3	-157.1174	47.2311	1	0	1	0
6	480	31	3	-114.9706	24.9379	1	0	1	0
6	480	32	3	-87.7487	-5.0551	1	0	1	0
6	480	33	3	-57.7956	-33.8234	1	0	1	0
6	480	34	3	-7.2783	-49.8803	1	0	1	0
6	480	35	3	47.1232	-37.9486	1	0	1	0
6	480	36	3	79.2917	-10.2221	1	0	1	0
6	480	37	3	135.8408	20.0636	1	0	1	0
6	480	38	3	174.0517	44.6736	1	0	1	0
6	480	39	3	-127.1174	47.2311	1	0	1	0
6	480	40	3	-84.9706	24.9379	1	0	1	0
6	480	41	3	-57.7487	-5.0551	1	0	1	0
6	480	42	3	-27.7956	-33.8234	1	0	1	0
6	480	43	3	22.7217	-49.8803	1	0	1	0
6	480	44	3	77.1232	-37.9486	1	0	1	0
6	480	45	3	109.2917	-10.2221	1	0	1	0
6	480	46	3	165.8408	20.0636	1	0	1	0
6	480	47	3	-155.9483	44.6736	1	0	1	0
6	480	48	3	-97.1174	47.2311	1	0	1	0
6	480	49	3	-54.9706	24.9379	1	0	1	0
6	480	50	3	-27.7487	-5.0551	1	0	1	0
6	480	51	3	2.2044	-33.8234	1	0	1	0
6	480	52	3	52.7217	-49.8803	1	0	1	0
6	480	53	3	107.1232	-37.9486	1	0	1	0
6	480	54	3	139.2917	-10.2221	1	0	1	0
6	480	55	3	-164.1592	20.0636	1	0	1	0
6	480	56	3	-125.9483	44.6736	1	0	1	0
6	480	57	3	-67.1174	47.2311	1	0	1	0
6	480	58	3	-24.9706	24.9379	1	0	1	0
6	480	59	3	2.2513	-5.0551	1	0	1	0
6	480	60	3	32.2044	-33.8234	1	0	1	0
6	480	61	3	82.7217	-49.8803	1	0	1	0
6	480	62	3	137.1232	-37.9486	1	0	1	0
6	480	63	3	169.2917	-10.2221	1	0	1	0
6	480	64	3	-134.1592	20.0636	1	0	1	0
6	480	65	3	-95.9483	44.6736	1	0	1	0
6	480	66	3	-37.1174	47.2311	1	0	1	0
6	480	67	3	5.0294	24.9379	1	0	1	0
6	480	68	3	32.2513	-5.0551	1	0	1	0
6	480	69	3	62.2044	-33.8234	1	0	1	0
6	480	70	3	112.7217	-49.8803	1	0	1	0
6	480	71	3	167.1232	-37.9486	1	0	1	0
6	480	72	3	-160.7083	-10.2221	1	0	1	0
6	480	73	3	-104.1592	20.0636	1	0	1	0
6	480	74	3	-65.9483	44.6736	1	0	1	0
6	480	75	3	-7.1174	47.2311	1	0	1	0
6	480	76	3	35.0294	24.9379	1	0	1	0
6	480	77	3	62.2513	-5.0551	1	0	1	0
6	480	78	3	92.2044	-33.8234	1	0	1	0
6	480	79	3	142.7217	-49.8803	1	0	1	0
6	480	80	3	-162.8768	-37.9486	1	0	1	0
6	480	81	3	-130.7083	-10.2221	1	0	1	0
6	480	82	3	-74.1592	20.0636	1	0	1	0
6	480	83	3	-35.9483	44.6736	1	0	1	0
6	480	84	3	22.8826	47.2311	1	0	1	0
6	480	85	3	65.0294	24.9379	1	0	1	0
6	480	86	3	92.2513	-5.0551	1	0	1	0
6	480	87	3	122.2044	-33.8234	1	0	1	0
6	480	88	3	172.7217	-49.8803	1	0	1	0
6	480	89	3	-132.8768	-37.9486	1	0	1	0
6	480	90	3	-100.7083	-10.2221	1	0	1	0
6	480	91	3	-44.1592	20.0636	1	0	1	0
6	480	92	3	-5.9483	44.6736	1	0	1	0
6	480	93	3	52.8826	47.2311	1	0	1	0
6	480	94	3	95.0294	24.9379	1	0	1	0
6	480	95	3	122.2513	-5.0551	1	0	1	0
6	480	96	3	152.2044	-33.8234	1	0	1	0
6	480	97	3	-157.2783	-49.8803	1	0	1	0
6	480	98	3	-102.8768	-37.9486	1	0	1	0
6	480	99	3	-70.7083	-10.2221	1	0	1	0
6	480	100	3	-14.1592	20.0636	1	0	1	0
6	480	101	3	24.0517	44.6736	1	0	1	0
6	480	102	3	82.8826	47.2311	1	0	1	0
6	480	103	3	125.0294	24.9379	1	0	1	0
6	480	104	3	152.2513	-5.0551	1	0	1	0
6	480	105	3	-177.7956	-33.8234	1	0	1	0
6	480	106	3	-127.2783	-49.8803	1	0	1	0
6	480	107	3	-72.8768	-37.9486	1	0	1	0
6	480	108	3	-40.7083	-10.2221	1	0	1	0
6	540	1	3	18.0523	22.4712	1	0	1	0
6	540	2	3	58.1313	46.0156	1	0	1	0
6	540	3	3	117.1716	46.0679	1	0	1	0
6	540	4	3	157.3311	22.5708	1	0	1	0
6	540	5	3	-175.8351	-7.5915	1	0	1	0
6	540	6	3	-144.8703	-35.8898	1	0	1	0
6	540	7	3	-92.3639	-50	1	0	1	0
6	540	8	3	-39.7778	-35.9741	1	0	1	0
6	540	9	3	-8.7678	-7.697	1	0	1	0
6	540	10	3	48.0523	22.4712	1	0	1	0
6	540	11	3	88.1313	46.0156	1	0	1	0
6	540	12	3	147.1716	46.0679	1	0	1	0
6	540	13	3	-172.6689	22.5708	1	0	1	0
6	540	14	3	-145.8351	-7.5915	1	0	1	0
6	540	15	3	-114.8703	-35.8898	1	0	1	0
6	540	16	3	-62.3639	-50	1	0	1	0
6	540	17	3	-9.7778	-35.9741	1	0	1	0
6	540	18	3	21.2322	-7.697	1	0	1	0
6	540	19	3	78.0523	22.4712	1	0	1	0
6	540	20	3	118.1313	46.0156	1	0	1	0
6	540	21	3	177.1716	46.0679	1	0	1	0
6	540	22	3	-142.6689	22.5708	1	0	1	0
6	540	23	3	-115.8351	-7.5915	1	0	1	0
6	540	24	3	-84.8703	-35.8898	1	0	1	0
6	540	25	3	-32.3639	-50	1	0	1	0
6	540	26	3	20.2222	-35.9741	1	0	1	0
6	540	27	3	51.2322	-7.697	1	0	1	0
6	540	28	3	108.0523	22.4712	1	0	1	0
6	540	29	3	148.1313	46.0156	1	0	1	0
6	540	30	3	-152.8284	46.0679	1	0	1	0
6	540	31	3	-112.6689	22.5708	1	0	1	0
6	540	32	3	-85.8351	-7.5915	1	0	1	0
6	540	33	3	-54.8703	-35.8898	1	0	1	0
6	540	34	3	-2.3639	-50	1	0	1	0
6	540	35	3	50.2222	-35.9741	1	0	1	0
6	540	36	3	81.2322	-7.697	1	0	1	0
6	540	37	3	138.0523	22.4712	1	0	1	0
6	540	38	3	-181.8687	46.0156	1	0	1	0
6	540	39	3	-122.8284	46.0679	1	0	1	0
6	540	40	3	-82.6689	22.5708	1	0	1	0
6	540	41	3	-55.8351	-7.5915	1	0	1	0
6	540	42	3	-24.8703	-35.8898	1	0	1	0
6	540	43	3	27.6361	-50	1	0	1	0
6	540	44	3	80.2222	-35.9741	1	0	1	0
6	540	45	3	111.2322	-7.697	1	0	1	0
6	540	46	3	168.0523	22.4712	1	0	1	0
6	540	47	3	-151.8687	46.0156	1	0	1	0
6	540	48	3	-92.8284	46.0679	1	0	1	0
6	540	49	3	-52.6689	22.5708	1	0	1	0
6	540	50	3	-25.8351	-7.5915	1	0	1	0
6	540	51	3	5.1297	-35.8898	1	0	1	0
6	540	52	3	57.6361	-50	1	0	1	0
6	540	53	3	110.2222	-35.9741	1	0	1	0
6	540	54	3	141.2322	-7.697	1	0	1	0
6	540	55	3	-161.9477	22.4712	1	0	1	0
6	540	56	3	-121.8687	46.0156	1	0	1	0
6	540	57	3	-62.8284	46.0679	1	0	1	0
6	540	58	3	-22.6689	22.5708	1	0	1	0
6	540	59	3	4.1649	-7.5915	1	0	1	0
6	540	60	3	35.1297	-35.8898	1	0	1	0
6	540	61	3	87.6361	-50	1	0	1	0
6	540	62	3	140.2222	-35.9741	1	0	1	0
6	540	63	3	171.2322	-7.697	1	0	1	0
6	540	64	3	-131.9477	22.4712	1	0	1	0
6	540	65	3	-91.8687	46.0156	1	0	1	0
6	540	66	3	-32.8284	46.0679	1	0	1	0
6	540	67	3	7.3311	22.5708	1	0	1	0
6	540	68	3	34.1649	-7.5915	1	0	1	0
6	540	69	3	65.1297	-35.8898	1	0	1	0
6	540	70	3	117.6361	-50	1	0	1	0
6	540	71	3	170.2222	-35.9741	1	0	1	0
6	540	72	3	-158.7678	-7.697	1	0	1	0
6	540	73	3	-101.9477	22.4712	1	0	1	0
6	540	74	3	-61.8687	46.0156	1	0	1	0
6	540	75	3	-2.8284	46.0679	1	0	1	0
6	540	76	3	37.3311	22.5708	1	0	1	0
6	540	77	3	64.1649	-7.5915	1	0	1	0
6	540	78	3	95.1297	-35.8898	1	0	1	0
6	540	79	3	147.6361	-50	1	0	1	0
6	540	80	3	-159.7778	-35.9741	1	0	1	0
6	540	81	3	-128.7678	-7.697	1	0	1	0
6	540	82	3	-71.9477	22.4712	1	0	1	0
6	540	83	3	-31.8687	46.0156	1	0	1	0
6	540	84	3	27.1716	46.0679	1	0	1	0
6	540	85	3	67.3311	22.5708	1	0	1	0
6	540	86	3	94.1649	-7.5915	1	0	1	0
6	540	87	3	125.1297	-35.8898	1	0	1	0
6	540	88	3	177.6361	-50	1	0	1	0
6	540	89	3	-129.7778	-35.9741	1	0	1	0
6	540	90	3	-98.7678	-7.697	1	0	1	0
6	540	91	3	-41.9477	22.4712	1	0	1	0
6	540	92	3	-1.8687	46.0156	1	0	1	0
6	540	93	3	57.1716	46.0679	1	0	1	0
6	540	94	3	97.3311	22.5708	1	0	1	0
6	540	95	3	124.1649	-7.5915	1	0	1	0
6	540	96	3	155.1297	-35.8898	1	0	1	0
6	540	97	3	-152.3639	-50	1	0	1	0
6	540	98	3	-99.7778	-35.9741	1	0	1	0
6	540	99	3	-68.7678	-7.697	1	0	1	0
6	540	100	3	-11.9477	22.4712	1	0	1	0
6	540	101	3	28.1313	46.0156	1	0	1	0
6	540	102	3	87.1716	46.0679	1	0	1	0
6	540	103	3	127.3311	22.5708	1	0	1	0
6	540	104	3	154.1649	-7.5915	1	0	1	0
6	540	105	3	-174.8703	-35.8898	1	0	1	0
6	540	106	3	-122.3639	-50	1	0	1	0
6	540	107	3	-69.7778	-35.9741	1	0	1	0
6	540	108	3	-38.7678	-7.697	1	0	1	0
6	600	1	3	20.3502	24.8401	1	0	1	0
6	600	2	3	62.4121	47.1862	1	0	1	0
6	600	3	3	121.2597	44.7328	1	0	1	0
6	600	4	3	159.546	20.1647	1	0	1	0
6	600	5	3	-173.8958	-10.117	1	0	1	0
6	600	6	3	-141.7785	-37.8681	1	0	1	0
6	600	7	3	-87.4486	-49.8899	1	0	1	0
6	600	8	3	-36.8458	-33.9112	1	0	1	0
6	600	9	3	-6.8533	-5.161	1	0	1	0
6	600	10	3	50.3502	24.8401	1	0	1	0
6	600	11	3	92.4121	47.1862	1	0	1	0
6	600	12	3	151.2597	44.7328	1	0	1	0
6	600	13	3	-170.454	20.1647	1	0	1	0
6	600	14	3	-143.8958	-10.117	1	0	1	0
6	600	15	3	-111.7785	-37.8681	1	0	1	0
6	600	16	3	-57.4486	-49.8899	1	0	1	0
6	600	17	3	-6.8458	-33.9112	1	0	1	0
6	600	18	3	23.1467	-5.161	1	0	1	0
6	600	19	3	80.3502	24.8401	1	0	1	0
6	600	20	3	122.4121	47.1862	1	0	1	0
6	600	21	3	-178.7403	44.7328	1	0	1	0
6	600	22	3	-140.454	20.1647	1	0	1	0
6	600	23	3	-113.8958	-10.117	1	0	1	0
6	600	24	3	-81.7785	-37.8681	1	0	1	0
6	600	25	3	-27.4486	-49.8899	1	0	1	0
6	600	26	3	23.1542	-33.9112	1	0	1	0
6	600	27	3	53.1467	-5.161	1	0	1	0
6	600	28	3	110.3502	24.8401	1	0	1	0
6	600	29	3	152.4121	47.1862	1	0	1	0
6	600	30	3	-148.7403	44.7328	1	0	1	0
6	600	31	3	-110.454	20.1647	1	0	1	0
6	600	32	3	-83.8958	-10.117	1	0	1	0
6	600	33	3	-51.7785	-37.8681	1	0	1	0
6	600	34	3	2.5514	-49.8899	1	0	1	0
6	600	35	3	53.1542	-33.9112	1	0	1	0
6	600	36	3	83.1467	-5.161	1	0	1	0
6	600	37	3	140.3502	24.8401	1	0	1	0
6	600	38	3	-177.5879	47.1862	1	0	1	0
6	600	39	3	-118.7403	44.7328	1	0	1	0
6	600	40	3	-80.454	20.1647	1	0	1	0
6	600	41	3	-53.8958	-10.117	1	0	1	0
6	600	42	3	-21.7785	-37.8681	1	0	1	0
6	600	43	3	32.5514	-49.8899	1	0	1	0
6	600	44	3	83.1542	-33.9112	1	0	1	0
6	600	45	3	113.1467	-5.161	1	0	1	0
6	600	46	3	170.3502	24.8401	1	0	1	0
6	600	47	3	-147.5879	47.1862	1	0	1	0
6	600	48	3	-88.7403	44.7328	1	0	1	0
6	600	49	3	-50.454	20.1647	1	0	1	0
6	600	50	3	-23.8958	-10.117	1	0	1	0
6	600	51	3	8.2215	-37.8681	1	0	1	0
6	600	52	3	62.5514	-49.8899	1	0	1	0
6	600	53	3	113.1542	-33.9112	1	0	1	0
6	600	54	3	143.1467	-5.161	1	0	1	0
6	600	55	3	-159.6498	24.8401	1	0	1	0
6	600	56	3	-117.5879	47.1862	1	0	1	0
6	600	57	3	-58.7403	44.7328	1	0	1	0
6	600	58	3	-20.454	20.1647	1	0	1	0
6	600	59	3	6.1042	-10.117	1	0	1	0
6	600	60	3	38.2215	-37.8681	1	0	1	0
6	600	61	3	92.5514	-49.8899	1	0	1	0
6	600	62	3	143.1542	-33.9112	1	0	1	0
6	600	63	3	173.1467	-5.161	1	0	1	0
6	600	64	3	-129.6498	24.8401	1	0	1	0
6	600	65	3	-87.5879	47.1862	1	0	1	0
6	600	66	3	-28.7403	44.7328	1	0	1	0
6	600	67	3	9.546	20.1647	1	0	1	0
6	600	68	3	36.1042	-10.117	1	0	1	0
6	600	69	3	68.2215	-37.8681	1	0	1	0
6	600	70	3	122.5514	-49.8899	1	0	1	0
6	600	71	3	173.1542	-33.9112	1	0	1	0
6	600	72	3	-156.8533	-5.161	1	0	1	0
6	600	73	3	-99.6498	24.8401	1	0	1	0
6	600	74	3	-57.5879	47.1862	1	0	1	0
6	600	75	3	1.2597	44.7328	1	0	1	0
6	600	76	3	39.546	20.1647	1	0	1	0
6	600	77	3	66.1042	-10.117	1	0	1	0
6	600	78	3	98.2215	-37.8681	1	0	1	0
6	600	79	3	152.5514	-49.8899	1	0	1	0
6	600	80	3	-156.8458	-33.9112	1	0	1	0
6	600	81	3	-126.8533	-5.161	1	0	1	0
6	600	82	3	-69.6498	24.8401	1	0	1	0
6	600	83	3	-27.5879	47.1862	1	0	1	0
6	600	84	3	31.2597	44.7328	1	0	1	0
6	600	85	3	69.546	20.1647	1	0	1	0
6	600	86	3	96.1042	-10.117	1	0	1	0
6	600	87	3	128.2215	-37.8681	1	0	1	0
6	600	88	3	-177.4486	-49.8899	1	0	1	0
6	600	89	3	-126.8458	-33.9112	1	0	1	0
6	600	90	3	-96.8533	-5.161	1	0	1	0
6	600	91	3	-39.6498	24.8401	1	0	1	0
6	600	92	3	2.4121	47.1862	1	0	1	0
6	600	93	3	61.2597	44.7328	1	0	1	0
6	600	94	3	99.546	20.1647	1	0	1	0
6	600	95	3	126.1042	-10.117	1	0	1	0
6	600	96	3	158.2215	-37.8681	1	0	1	0
6	600	97	3	-147.4486	-49.8899	1	0	1	0
6	600	98	3	-96.8458	-33.9112	1	0	1	0
6	600	99	3	-66.8533	-5.161	1	0	1	0
6	600	100	3	-9.6498	24.8401	1	0	1	0
6	600	101	3	32.4121	47.1862	1	0	1	0
6	600	102	3	91.2597	44.7328	1	0	1	0
6	600	103	3	129.546	20.1647	1	0	1	0
6	600	104	3	156.1042	-10.117	1	0	1	0
6	600	105	3	-171.7785	-37.8681	1	0	1	0
6	600	106	3	-117.4486	-49.8899	1	0	1	0
6	600	107	3	-66.8458	-33.9112	1	0	1	0
6	600	108	3	-36.8533	-5.161	1	0	1	0
6	660	1	3	22.7466	27.1641	1	0	1	0
6	660	2	3	66.8805	48.1706	1	0	1	0
6	660	3	3	125.141	43.2411	1	0	1	0
6	660	4	3	161.6854	17.7254	1	0	1	0
6	660	5	3	-171.9219	-12.6279	1	0	1	0
6	660	6	3	-138.507	-39.7469	1	0	1	0
6	660	7	3	-82.5808	-49.552	1	0	1	0
6	660	8	3	-34.067	-31.7703	1	0	1	0
6	660	9	3	-4.956	-2.6178	1	0	1	0
6	660	10	3	52.7466	27.1641	1	0	1	0
6	660	11	3	96.8805	48.1706	1	0	1	0
6	660	12	3	155.141	43.2411	1	0	1	0
6	660	13	3	-168.3146	17.7254	1	0	1	0
6	660	14	3	-141.9219	-12.6279	1	0	1	0
6	660	15	3	-108.507	-39.7469	1	0	1	0
6	660	16	3	-52.5808	-49.552	1	0	1	0
6	660	17	3	-4.067	-31.7703	1	0	1	0
6	660	18	3	25.044	-2.6178	1	0	1	0
6	660	19	3	82.7466	27.1641	1	0	1	0
6	660	20	3	126.8805	48.1706	1	0	1	0
6	660	21	3	-174.859	43.2411	1	0	1	0
6	660	22	3	-138.3146	17.7254	1	0	1	0
6	660	23	3	-111.9219	-12.6279	1	0	1	0
6	660	24	3	-78.507	-39.7469	1	0	1	0
6	660	25	3	-22.5808	-49.552	1	0	1	0
6	660	26	3	25.933	-31.7703	1	0	1	0
6	660	27	3	55.044	-2.6178	1	0	1	0
6	660	28	3	112.7466	27.1641	1	0	1	0
6	660	29	3	156.8805	48.1706	1	0	1	0
6	660	30	3	-144.859	43.2411	1	0	1	0
6	660	31	3	-108.3146	17.7254	1	0	1	0
6	660	32	3	-81.9219	-12.6279	1	0	1	0
6	660	33	3	-48.507	-39.7469	1	0	1	0
6	660	34	3	7.4192	-49.552	1	0	1	0
6	660	35	3	55.933	-31.7703	1	0	1	0
6	660	36	3	85.044	-2.6178	1	0	1	0
6	660	37	3	142.7466	27.1641	1	0	1	0
6	660	38	3	-173.1195	48.1706	1	0	1	0
6	660	39	3	-114.859	43.2411	1	0	1	0
6	660	40	3	-78.3146	17.7254	1	0	1	0
6	660	41	3	-51.9219	-12.6279	1	0	1	0
6	660	42	3	-18.507	-39.7469	1	0	1	0
6	660	43	3	37.4192	-49.552	1	0	1	0
6	660	44	3	85.933	-31.7703	1	0	1	0
6	660	45	3	115.044	-2.6178	1	0	1	0
6	660	46	3	172.7466	27.1641	1	0	1	0
6	660	47	3	-143.1195	48.1706	1	0	1	0
6	660	48	3	-84.859	43.2411	1	0	1	0
6	660	49	3	-48.3146	17.7254	1	0	1	0
6	660	50	3	-21.9219	-12.6279	1	0	1	0
6	660	51	3	11.493	-39.7469	1	0	1	0
6	660	52	3	67.4192	-49.552	1	0	1	0
6	660	53	3	115.933	-31.7703	1	0	1	0
6	660	54	3	145.044	-2.6178	1	0	1	0
6	660	55	3	-157.2534	27.1641	1	0	1	0
6	660	56	3	-113.1195	48.1706	1	0	1	0
6	660	57	3	-54.859	43.2411	1	0	1	0
6	660	58	3	-18.3146	17.7254	1	0	1	0
6	660	59	3	8.0781	-12.6279	1	0	1	0
6	660	60	3	41.493	-39.7469	1	0	1	0
6	660	61	3	97.4192	-49.552	1	0	1	0
6	660	62	3	145.933	-31.7703	1	0	1	0
6	660	63	3	175.044	-2.6178	1	0	1	0
6	660	64	3	-127.2534	27.1641	1	0	1	0
6	660	65	3	-83.1195	48.1706	1	0	1	0
6	660	66	3	-24.859	43.2411	1	0	1	0
6	660	67	3	11.6854	17.7254	1	0	1	0
6	660	68	3	38.0781	-12.6279	1	0	1	0
6	660	69	3	71.493	-39.7469	1	0	1	0
6	660	70	3	127.4192	-49.552	1	0	1	0
6	660	71	3	175.933	-31.7703	1	0	1	0
6	660	72	3	-154.956	-2.6178	1	0	1	0
6	660	73	3	-97.2534	27.1641	1	0	1	0
6	660	74	3	-53.1195	48.1706	1	0	1	0
6	660	75	3	5.141	43.2411	1	0	1	0
6	660	76	3	41.6854	17.7254	1	0	1	0
6	660	77	3	68.0781	-12.6279	1	0	1	0
6	660	78	3	101.493	-39.7469	1	0	1	0
6	660	79	3	157.4192	-49.552	1	0	1	0
6	660	80	3	-154.067	-31.7703	1	0	1	0
6	660	81	3	-124.956	-2.6178	1	0	1	0
6	660	82	3	-67.2534	27.1641	1	0	1	0
6	660	83	3	-23.1195	48.1706	1	0	1	0
6	660	84	3	35.141	43.2411	1	0	1	0
6	660	85	3	71.6854	17.7254	1	0	1	0
6	660	86	3	98.0781	-12.6279	1	0	1	0
6	660	87	3	131.493	-39.7469	1	0	1	0
6	660	88	3	-172.5808	-49.552	1	0	1	0
6	660	89	3	-124.067	-31.7703	1	0	1	0
6	660	90	3	-94.956	-2.6178	1	0	1	0
6	660	91	3	-37.2534	27.1641	1	0	1	0
6	660	92	3	6.8805	48.1706	1	0	1	0
6	660	93	3	65.141	43.2411	1	0	1	0
6	660	94	3	101.6854	17.7254	1	0	1	0
6	660	95	3	128.0781	-12.6279	1	0	1	0
6	660	96	3	161.493	-39.7469	1	0	1	0
6	660	97	3	-142.5808	-49.552	1	0	1	0
6	660	98	3	-94.067	-31.7703	1	0	1	0
6	660	99	3	-64.956	-2.6178	1	0	1	0
6	660	100	3	-7.2534	27.1641	1	0	1	0
6	660	101	3	36.8805	48.1706	1	0	1	0
6	660	102	3	95.141	43.2411	1	0	1	0
6	660	103	3	131.6854	17.7254	1	0	1	0
6	660	104	3	158.0781	-12.6279	1	0	1	0
6	660	105	3	-168.507	-39.7469	1	0	1	0
6	660	106	3	-112.5808	-49.552	1	0	1	0
6	660	107	3	-64.067	-31.7703	1	0	1	0
6	660	108	3	-34.956	-2.6178	1	0	1	0
6	720	1	3	25.2543	29.4364	1	0	1	0
6	720	2	3	71.5142	48.9547	1	0	1	0
6	720	3	3	128.8158	41.608	1	0	1	0
6	720	4	3	163.7603	15.2579	1	0	1	0
6	720	5	3	-169.904	-15.12	1	0	1	0
6	720	6	3	-135.0442	-41.5134	1	0	1	0
6	720	7	3	-77.8062	-48.9922	1	0	1	0
6	720	8	3	-31.4273	-29.561	1	0	1	0
6	720	9	3	-3.0675	-0.0708	1	0	1	0
6	720	10	3	55.2543	29.4364	1	0	1	0
6	720	11	3	101.5142	48.9547	1	0	1	0
6	720	12	3	158.8158	41.608	1	0	1	0
6	720	13	3	-166.2397	15.2579	1	0	1	0
6	720	14	3	-139.904	-15.12	1	0	1	0
6	720	15	3	-105.0442	-41.5134	1	0	1	0
6	720	16	3	-47.8062	-48.9922	1	0	1	0
6	720	17	3	-1.4273	-29.561	1	0	1	0
6	720	18	3	26.9325	-0.0708	1	0	1	0
6	720	19	3	85.2543	29.4364	1	0	1	0
6	720	20	3	131.5142	48.9547	1	0	1	0
6	720	21	3	-171.1842	41.608	1	0	1	0
6	720	22	3	-136.2397	15.2579	1	0	1	0
6	720	23	3	-109.904	-15.12	1	0	1	0
6	720	24	3	-75.0442	-41.5134	1	0	1	0
6	720	25	3	-17.8062	-48.9922	1	0	1	0
6	720	26	3	28.5727	-29.561	1	0	1	0
6	720	27	3	56.9325	-0.0708	1	0	1	0
6	720	28	3	115.2543	29.4364	1	0	1	0
6	720	29	3	161.5142	48.9547	1	0	1	0
6	720	30	3	-141.1842	41.608	1	0	1	0
6	720	31	3	-106.2397	15.2579	1	0	1	0
6	720	32	3	-79.904	-15.12	1	0	1	0
6	720	33	3	-45.0442	-41.5134	1	0	1	0
6	720	34	3	12.1938	-48.9922	1	0	1	0
6	720	35	3	58.5727	-29.561	1	0	1	0
6	720	36	3	86.9325	-0.0708	1	0	1	0
6	720	37	3	145.2543	29.4364	1	0	1	0
6	720	38	3	-168.4858	48.9547	1	0	1	0
6	720	39	3	-111.1842	41.608	1	0	1	0
6	720	40	3	-76.2397	15.2579	1	0	1	0
6	720	41	3	-49.904	-15.12	1	0	1	0
6	720	42	3	-15.0442	-41.5134	1	0	1	0
6	720	43	3	42.1938	-48.9922	1	0	1	0
6	720	44	3	88.5727	-29.561	1	0	1	0
6	720	45	3	116.9325	-0.0708	1	0	1	0
6	720	46	3	175.2543	29.4364	1	0	1	0
6	720	47	3	-138.4858	48.9547	1	0	1	0
6	720	48	3	-81.1842	41.608	1	0	1	0
6	720	49	3	-46.2397	15.2579	1	0	1	0
6	720	50	3	-19.904	-15.12	1	0	1	0
6	720	51	3	14.9558	-41.5134	1	0	1	0
6	720	52	3	72.1938	-48.9922	1	0	1	0
6	720	53	3	118.5727	-29.561	1	0	1	0
6	720	54	3	146.9325	-0.0708	1	0	1	0
6	720	55	3	-154.7457	29.4364	1	0	1	0
6	720	56	3	-108.4858	48.9547	1	0	1	0
6	720	57	3	-51.1842	41.608	1	0	1	0
6	720	58	3	-16.2397	15.2579	1	0	1	0
6	720	59	3	10.096	-15.12	1	0	1	0
6	720	60	3	44.9558	-41.5134	1	0	1	0
6	720	61	3	102.1938	-48.9922	1	0	1	0
6	720	62	3	148.5727	-29.561	1	0	1	0
6	720	63	3	176.9325	-0.0708	1	0	1	0
6	720	64	3	-124.7457	29.4364	1	0	1	0
6	720	65	3	-78.4858	48.9547	1	0	1	0
6	720	66	3	-21.1842	41.608	1	0	1	0
6	720	67	3	13.7603	15.2579	1	0	1	0
6	720	68	3	40.096	-15.12	1	0	1	0
6	720	69	3	74.9558	-41.5134	1	0	1	0
6	720	70	3	132.1938	-48.9922	1	0	1	0
6	720	71	3	-181.4273	-29.561	1	0	1	0
6	720	72	3	-153.0675	-0.0708	1	0	1	0
6	720	73	3	-94.7457	29.4364	1	0	1	0
6	720	74	3	-48.4858	48.9547	1	0	1	0
6	720	75	3	8.8158	41.608	1	0	1	0
6	720	76	3	43.7603	15.2579	1	0	1	0
6	720	77	3	70.096	-15.12	1	0	1	0
6	720	78	3	104.9558	-41.5134	1	0	1	0
6	720	79	3	162.1938	-48.9922	1	0	1	0
6	720	80	3	-151.4273	-29.561	1	0	1	0
6	720	81	3	-123.0675	-0.0708	1	0	1	0
6	720	82	3	-64.7457	29.4364	1	0	1	0
6	720	83	3	-18.4858	48.9547	1	0	1	0
6	720	84	3	38.8158	41.608	1	0	1	0
6	720	85	3	73.7603	15.2579	1	0	1	0
6	720	86	3	100.096	-15.12	1	0	1	0
6	720	87	3	134.9558	-41.5134	1	0	1	0
6	720	88	3	-167.8062	-48.9922	1	0	1	0
6	720	89	3	-121.4273	-29.561	1	0	1	0
6	720	90	3	-93.0675	-0.0708	1	0	1	0
6	720	91	3	-34.7457	29.4364	1	0	1	0
6	720	92	3	11.5142	48.9547	1	0	1	0
6	720	93	3	68.8158	41.608	1	0	1	0
6	720	94	3	103.7603	15.2579	1	0	1	0
6	720	95	3	130.096	-15.12	1	0	1	0
6	720	96	3	164.9558	-41.5134	1	0	1	0
6	720	97	3	-137.8062	-48.9922	1	0	1	0
6	720	98	3	-91.4273	-29.561	1	0	1	0
6	720	99	3	-63.0675	-0.0708	1	0	1	0
6	720	100	3	-4.7457	29.4364	1	0	1	0
6	720	101	3	41.5142	48.9547	1	0	1	0
6	720	102	3	98.8158	41.608	1	0	1	0
6	720	103	3	133.7603	15.2579	1	0	1	0
6	720	104	3	160.096	-15.12	1	0	1	0
6	720	105	3	-165.0442	-41.5134	1	0	1	0
6	720	106	3	-107.8062	-48.9922	1	0	1	0
6	720	107	3	-61.4273	-29.561	1	0	1	0
6	720	108	3	-33.0675	-0.0708	1	0	1	0
6	780	1	3	27.8866	31.6492	1	0	1	0
6	780	2	3	76.2825	49.5267	1	0	1	0
6	780	3	3	132.2895	39.8482	1	0	1	0
6	780	4	3	165.7809	12.767	1	0	1	0
6	780	5	3	-167.8324	-17.5889	1	0	1	0
6	780	6	3	-131.3808	-43.1539	1	0	1	0
6	780	7	3	-73.1641	-48.2195	1	0	1	0
6	780	8	3	-28.9131	-27.2919	1	0	1	0
6	780	9	3	-1.1792	2.4762	1	0	1	0
6	780	10	3	57.8866	31.6492	1	0	1	0
6	780	11	3	106.2825	49.5267	1	0	1	0
6	780	12	3	162.2895	39.8482	1	0	1	0
6	780	13	3	-164.2191	12.767	1	0	1	0
6	780	14	3	-137.8324	-17.5889	1	0	1	0
6	780	15	3	-101.3808	-43.1539	1	0	1	0
6	780	16	3	-43.1641	-48.2195	1	0	1	0
6	780	17	3	1.0869	-27.2919	1	0	1	0
6	780	18	3	28.8208	2.4762	1	0	1	0
6	780	19	3	87.8866	31.6492	1	0	1	0
6	780	20	3	136.2825	49.5267	1	0	1	0
6	780	21	3	-167.7105	39.8482	1	0	1	0
6	780	22	3	-134.2191	12.767	1	0	1	0
6	780	23	3	-107.8324	-17.5889	1	0	1	0
6	780	24	3	-71.3808	-43.1539	1	0	1	0
6	780	25	3	-13.1641	-48.2195	1	0	1	0
6	780	26	3	31.0869	-27.2919	1	0	1	0
6	780	27	3	58.8208	2.4762	1	0	1	0
6	780	28	3	117.8866	31.6492	1	0	1	0
6	780	29	3	166.2825	49.5267	1	0	1	0
6	780	30	3	-137.7105	39.8482	1	0	1	0
6	780	31	3	-104.2191	12.767	1	0	1	0
6	780	32	3	-77.8324	-17.5889	1	0	1	0
6	780	33	3	-41.3808	-43.1539	1	0	1	0
6	780	34	3	16.8359	-48.2195	1	0	1	0
6	780	35	3	61.0869	-27.2919	1	0	1	0
6	780	36	3	88.8208	2.4762	1	0	1	0
6	780	37	3	147.8866	31.6492	1	0	1	0
6	780	38	3	-163.7175	49.5267	1	0	1	0
6	780	39	3	-107.7105	39.8482	1	0	1	0
6	780	40	3	-74.2191	12.767	1	0	1	0
6	780	41	3	-47.8324	-17.5889	1	0	1	0
6	780	42	3	-11.3808	-43.1539	1	0	1	0
6	780	43	3	46.8359	-48.2195	1	0	1	0
6	780	44	3	91.0869	-27.2919	1	0	1	0
6	780	45	3	118.8208	2.4762	1	0	1	0
6	780	46	3	-182.1134	31.6492	1	0	1	0
6	780	47	3	-133.7175	49.5267	1	0	1	0
6	780	48	3	-77.7105	39.8482	1	0	1	0
6	780	49	3	-44.2191	12.767	1	0	1	0
6	780	50	3	-17.8324	-17.5889	1	0	1	0
6	780	51	3	18.6192	-43.1539	1	0	1	0
6	780	52	3	76.8359	-48.2195	1	0	1	0
6	780	53	3	121.0869	-27.2919	1	0	1	0
6	780	54	3	148.8208	2.4762	1	0	1	0
6	780	55	3	-152.1134	31.6492	1	0	1	0
6	780	56	3	-103.7175	49.5267	1	0	1	0
6	780	57	3	-47.7105	39.8482	1	0	1	0
6	780	58	3	-14.2191	12.767	1	0	1	0
6	780	59	3	12.1676	-17.5889	1	0	1	0
6	780	60	3	48.6192	-43.1539	1	0	1	0
6	780	61	3	106.8359	-48.2195	1	0	1	0
6	780	62	3	151.0869	-27.2919	1	0	1	0
6	780	63	3	-181.1792	2.4762	1	0	1	0
6	780	64	3	-122.1134	31.6492	1	0	1	0
6	780	65	3	-73.7175	49.5267	1	0	1	0
6	780	66	3	-17.7105	39.8482	1	0	1	0
6	780	67	3	15.7809	12.767	1	0	1	0
6	780	68	3	42.1676	-17.5889	1	0	1	0
6	780	69	3	78.6192	-43.1539	1	0	1	0
6	780	70	3	136.8359	-48.2195	1	0	1	0
6	780	71	3	-178.9131	-27.2919	1	0	1	0
6	780	72	3	-151.1792	2.4762	1	0	1	0
6	780	73	3	-92.1134	31.6492	1	0	1	0
6	780	74	3	-43.7175	49.5267	1	0	1	0
6	780	75	3	12.2895	39.8482	1	0	1	0
6	780	76	3	45.7809	12.767	1	0	1	0
6	780	77	3	72.1676	-17.5889	1	0	1	0
6	780	78	3	108.6192	-43.1539	1	0	1	0
6	780	79	3	166.8359	-48.2195	1	0	1	0
6	780	80	3	-148.9131	-27.2919	1	0	1	0
6	780	81	3	-121.1792	2.4762	1	0	1	0
6	780	82	3	-62.1134	31.6492	1	0	1	0
6	780	83	3	-13.7175	49.5267	1	0	1	0
6	780	84	3	42.2895	39.8482	1	0	1	0
6	780	85	3	75.7809	12.767	1	0	1	0
6	780	86	3	102.1676	-17.5889	1	0	1	0
6	780	87	3	138.6192	-43.1539	1	0	1	0
6	780	88	3	-163.1641	-48.2195	1	0	1	0
6	780	89	3	-118.9131	-27.2919	1	0	1	0
6	780	90	3	-91.1792	2.4762	1	0	1	0
6	780	91	3	-32.1134	31.6492	1	0	1	0
6	780	92	3	16.2825	49.5267	1	0	1	0
6	780	93	3	72.2895	39.8482	1	0	1	0
6	780	94	3	105.7809	12.767	1	0	1	0
6	780	95	3	132.1676	-17.5889	1	0	1	0
6	780	96	3	168.6192	-43.1539	1	0	1	0
6	780	97	3	-133.1641	-48.2195	1	0	1	0
6	780	98	3	-88.9131	-27.2919	1	0	1	0
6	780	99	3	-61.1792	2.4762	1	0	1	0
6	780	100	3	-2.1134	31.6492	1	0	1	0
6	780	101	3	46.2825	49.5267	1	0	1	0
6	780	102	3	102.2895	39.8482	1	0	1	0
6	780	103	3	135.7809	12.767	1	0	1	0
6	780	104	3	162.1676	-17.5889	1	0	1	0
6	780	105	3	-161.3808	-43.1539	1	0	1	0
6	780	106	3	-103.1641	-48.2195	1	0	1	0
6	780	107	3	-58.9131	-27.2919	1	0	1	0
6	780	108	3	-31.1792	2.4762	1	0	1	0
6	840	1	3	30.6573	33.7941	1	0	1	0
6	840	2	3	81.1461	49.877	1	0	1	0
6	840	3	3	135.5713	37.9753	1	0	1	0
6	840	4	3	167.757	10.2571	1	0	1	0
6	840	5	3	-165.6969	-20.0299	1	0	1	0
6	840	6	3	-127.5111	-44.6539	1	0	1	0
6	840	7	3	-68.6859	-47.246	1	0	1	0
6	840	8	3	-26.5108	-24.9705	1	0	1	0
6	840	9	3	0.7173	5.0198	1	0	1	0
6	840	10	3	60.6573	33.7941	1	0	1	0
6	840	11	3	111.1461	49.877	1	0	1	0
6	840	12	3	165.5713	37.9753	1	0	1	0
6	840	13	3	-162.243	10.2571	1	0	1	0
6	840	14	3	-135.6969	-20.0299	1	0	1	0
6	840	15	3	-97.5111	-44.6539	1	0	1	0
6	840	16	3	-38.6859	-47.246	1	0	1	0
6	840	17	3	3.4892	-24.9705	1	0	1	0
6	840	18	3	30.7173	5.0198	1	0	1	0
6	840	19	3	90.6573	33.7941	1	0	1	0
6	840	20	3	141.1461	49.877	1	0	1	0
6	840	21	3	-164.4287	37.9753	1	0	1	0
6	840	22	3	-132.243	10.2571	1	0	1	0
6	840	23	3	-105.6969	-20.0299	1	0	1	0
6	840	24	3	-67.5111	-44.6539	1	0	1	0
6	840	25	3	-8.6859	-47.246	1	0	1	0
6	840	26	3	33.4892	-24.9705	1	0	1	0
6	840	27	3	60.7173	5.0198	1	0	1	0
6	840	28	3	120.6573	33.7941	1	0	1	0
6	840	29	3	171.1461	49.877	1	0	1	0
6	840	30	3	-134.4287	37.9753	1	0	1	0
6	840	31	3	-102.243	10.2571	1	0	1	0
6	840	32	3	-75.6969	-20.0299	1	0	1	0
6	840	33	3	-37.5111	-44.6539	1	0	1	0
6	840	34	3	21.3141	-47.246	1	0	1	0
6	840	35	3	63.4892	-24.9705	1	0	1	0
6	840	36	3	90.7173	5.0198	1	0	1	0
6	840	37	3	150.6573	33.7941	1	0	1	0
6	840	38	3	-158.8539	49.877	1	0	1	0
6	840	39	3	-104.4287	37.9753	1	0	1	0
6	840	40	3	-72.243	10.2571	1	0	1	0
6	840	41	3	-45.6969	-20.0299	1	0	1	0
6	840	42	3	-7.5111	-44.6539	1	0	1	0
6	840	43	3	51.3141	-47.246	1	0	1	0
6	840	44	3	93.4892	-24.9705	1	0	1	0
6	840	45	3	120.7173	5.0198	1	0	1	0
6	840	46	3	-179.3427	33.7941	1	0	1	0
6	840	47	3	-128.8539	49.877	1	0	1	0
6	840	48	3	-74.4287	37.9753	1	0	1	0
6	840	49	3	-42.243	10.2571	1	0	1	0
6	840	50	3	-15.6969	-20.0299	1	0	1	0
6	840	51	3	22.4889	-44.6539	1	0	1	0
6	840	52	3	81.3141	-47.246	1	0	1	0
6	840	53	3	123.4892	-24.9705	1	0	1	0
6	840	54	3	150.7173	5.0198	1	0	1	0
6	840	55	3	-149.3427	33.7941	1	0	1	0
6	840	56	3	-98.8539	49.877	1	0	1	0
6	840	57	3	-44.4287	37.9753	1	0	1	0
6	840	58	3	-12.243	10.2571	1	0	1	0
6	840	59	3	14.3031	-20.0299	1	0	1	0
6	840	60	3	52.4889	-44.6539	1	0	1	0
6	840	61	3	111.3141	-47.246	1	0	1	0
6	840	62	3	153.4892	-24.9705	1	0	1	0
6	840	63	3	-179.2827	5.0198	1	0	1	0
6	840	64	3	-119.3427	33.7941	1	0	1	0
6	840	65	3	-68.8539	49.877	1	0	1	0
6	840	66	3	-14.4287	37.9753	1	0	1	0
6	840	67	3	17.757	10.2571	1	0	1	0
6	840	68	3	44.3031	-20.0299	1	0	1	0
6	840	69	3	82.4889	-44.6539	1	0	1	0
6	840	70	3	141.3141	-47.246	1	0	1	0
6	840	71	3	-176.5108	-24.9705	1	0	1	0
6	840	72	3	-149.2827	5.0198	1	0	1	0
6	840	73	3	-89.3427	33.7941	1	0	1	0
6	840	74	3	-38.8539	49.877	1	0	1	0
6	840	75	3	15.5713	37.9753	1	0	1	0
6	840	76	3	47.757	10.2571	1	0	1	0
6	840	77	3	74.3031	-20.0299	1	0	1	0
6	840	78	3	112.4889	-44.6539	1	0	1	0
6	840	79	3	171.3141	-47.246	1	0	1	0
6	840	80	3	-146.5108	-24.9705	1	0	1	0
6	840	81	3	-119.2827	5.0198	1	0	1	0
6	840	82	3	-59.3427	33.7941	1	0	1	0
6	840	83	3	-8.8539	49.877	1	0	1	0
6	840	84	3	45.5713	37.9753	1	0	1	0
6	840	85	3	77.757	10.2571	1	0	1	0
6	840	86	3	104.3031	-20.0299	1	0	1	0
6	840	87	3	142.4889	-44.6539	1	0	1	0
6	840	88	3	-158.6859	-47.246	1	0	1	0
6	840	89	3	-116.5108	-24.9705	1	0	1	0
6	840	90	3	-89.2827	5.0198	1	0	1	0
6	840	91	3	-29.3427	33.7941	1	0	1	0
6	840	92	3	21.1461	49.877	1	0	1	0
6	840	93	3	75.5713	37.9753	1	0	1	0
6	840	94	3	107.757	10.2571	1	0	1	0
6	840	95	3	134.3031	-20.0299	1	0	1	0
6	840	96	3	172.4889	-44.6539	1	0	1	0
6	840	97	3	-128.6859	-47.246	1	0	1	0
6	840	98	3	-86.5108	-24.9705	1	0	1	0
6	840	99	3	-59.2827	5.0198	1	0	1	0
6	840	100	3	0.6573	33.7941	1	0	1	0
6	840	101	3	51.1461	49.877	1	0	1	0
6	840	102	3	105.5713	37.9753	1	0	1	0
6	840	103	3	137.757	10.2571	1	0	1	0
6	840	104	3	164.3031	-20.0299	1	0	1	0
6	840	105	3	-157.5111	-44.6539	1	0	1	0
6	840	106	3	-98.6859	-47.246	1	0	1	0
6	840	107	3	-56.5108	-24.9705	1	0	1	0
6	840	108	3	-29.2827	5.0198	1	0	1	0
6	900	1	3	33.5804	35.8616	1	0	1	0
6	900	2	3	86.0601	49.9999	1	0	1	0
6	900	3	3	138.6728	36.0022	1	0	1	0
6	900	4	3	169.6979	7.7322	1	0	1	0
6	900	5	3	-163.4865	-22.438	1	0	1	0
6	900	6	3	-123.4343	-45.9981	1	0	1	0
6	900	7	3	-64.3942	-46.0853	1	0	1	0
6	900	8	3	-24.2078	-22.604	1	0	1	0
6	900	9	3	2.6307	7.5563	1	0	1	0
6	900	10	3	63.5804	35.8616	1	0	1	0
6	900	11	3	116.0601	49.9999	1	0	1	0
6	900	12	3	168.6728	36.0022	1	0	1	0
6	900	13	3	-160.3021	7.7322	1	0	1	0
6	900	14	3	-133.4865	-22.438	1	0	1	0
6	900	15	3	-93.4343	-45.9981	1	0	1	0
6	900	16	3	-34.3942	-46.0853	1	0	1	0
6	900	17	3	5.7922	-22.604	1	0	1	0
6	900	18	3	32.6307	7.5563	1	0	1	0
6	900	19	3	93.5804	35.8616	1	0	1	0
6	900	20	3	146.0601	49.9999	1	0	1	0
6	900	21	3	-161.3272	36.0022	1	0	1	0
6	900	22	3	-130.3021	7.7322	1	0	1	0
6	900	23	3	-103.4865	-22.438	1	0	1	0
6	900	24	3	-63.4343	-45.9981	1	0	1	0
6	900	25	3	-4.3942	-46.0853	1	0	1	0
6	900	26	3	35.7922	-22.604	1	0	1	0
6	900	27	3	62.6307	7.5563	1	0	1	0
6	900	28	3	123.5804	35.8616	1	0	1	0
6	900	29	3	176.0601	49.9999	1	0	1	0
6	900	30	3	-131.3272	36.0022	1	0	1	0
6	900	31	3	-100.3021	7.7322	1	0	1	0
6	900	32	3	-73.4865	-22.438	1	0	1	0
6	900	33	3	-33.4343	-45.9981	1	0	1	0
6	900	34	3	25.6058	-46.0853	1	0	1	0
6	900	35	3	65.7922	-22.604	1	0	1	0
6	900	36	3	92.6307	7.5563	1	0	1	0
6	900	37	3	153.5804	35.8616	1	0	1	0
6	900	38	3	-153.9399	49.9999	1	0	1	0
6	900	39	3	-101.3272	36.0022	1	0	1	0
6	900	40	3	-70.3021	7.7322	1	0	1	0
6	900	41	3	-43.4865	-22.438	1	0	1	0
6	900	42	3	-3.4343	-45.9981	1	0	1	0
6	900	43	3	55.6058	-46.0853	1	0	1	0
6	900	44	3	95.7922	-22.604	1	0	1	0
6	900	45	3	122.6307	7.5563	1	0	1	0
6	900	46	3	-176.4196	35.8616	1	0	1	0
6	900	47	3	-123.9399	49.9999	1	0	1	0
6	900	48	3	-71.3272	36.0022	1	0	1	0
6	900	49	3	-40.3021	7.7322	1	0	1	0
6	900	50	3	-13.4865	-22.438	1	0	1	0
6	900	51	3	26.5657	-45.9981	1	0	1	0
6	900	52	3	85.6058	-46.0853	1	0	1	0
6	900	53	3	125.7922	-22.604	1	0	1	0
6	900	54	3	152.6307	7.5563	1	0	1	0
6	900	55	3	-146.4196	35.8616	1	0	1	0
6	900	56	3	-93.9399	49.9999	1	0	1	0
6	900	57	3	-41.3272	36.0022	1	0	1	0
6	900	58	3	-10.3021	7.7322	1	0	1	0
6	900	59	3	16.5135	-22.438	1	0	1	0
6	900	60	3	56.5657	-45.9981	1	0	1	0
6	900	61	3	115.6058	-46.0853	1	0	1	0
6	900	62	3	155.7922	-22.604	1	0	1	0
6	900	63	3	-177.3693	7.5563	1	0	1	0
6	900	64	3	-116.4196	35.8616	1	0	1	0
6	900	65	3	-63.9399	49.9999	1	0	1	0
6	900	66	3	-11.3272	36.0022	1	0	1	0
6	900	67	3	19.6979	7.7322	1	0	1	0
6	900	68	3	46.5135	-22.438	1	0	1	0
6	900	69	3	86.5657	-45.9981	1	0	1	0
6	900	70	3	145.6058	-46.0853	1	0	1	0
6	900	71	3	-174.2078	-22.604	1	0	1	0
6	900	72	3	-147.3693	7.5563	1	0	1	0
6	900	73	3	-86.4196	35.8616	1	0	1	0
6	900	74	3	-33.9399	49.9999	1	0	1	0
6	900	75	3	18.6728	36.0022	1	0	1	0
6	900	76	3	49.6979	7.7322	1	0	1	0
6	900	77	3	76.5135	-22.438	1	0	1	0
6	900	78	3	116.5657	-45.9981	1	0	1	0
6	900	79	3	175.6058	-46.0853	1	0	1	0
6	900	80	3	-144.2078	-22.604	1	0	1	0
6	900	81	3	-117.3693	7.5563	1	0	1	0
6	900	82	3	-56.4196	35.8616	1	0	1	0
6	900	83	3	-3.9399	49.9999	1	0	1	0
6	900	84	3	48.6728	36.0022	1	0	1	0
6	900	85	3	79.6979	7.7322	1	0	1	0
6	900	86	3	106.5135	-22.438	1	0	1	0
6	900	87	3	146.5657	-45.9981	1	0	1	0
6	900	88	3	-154.3942	-46.0853	1	0	1	0
6	900	89	3	-114.2078	-22.604	1	0	1	0
6	900	90	3	-87.3693	7.5563	1	0	1	0
6	900	91	3	-26.4196	35.8616	1	0	1	0
6	900	92	3	26.0601	49.9999	1	0	1	0
6	900	93	3	78.6728	36.0022	1	0	1	0
6	900	94	3	109.6979	7.7322	1	0	1	0
6	900	95	3	136.5135	-22.438	1	0	1	0
6	900	96	3	-183.4343	-45.9981	1	0	1	0
6	900	97	3	-124.3942	-46.0853	1	0	1	0
6	900	98	3	-84.2078	-22.604	1	0	1	0
6	900	99	3	-57.3693	7.5563	1	0	1	0
6	900	100	3	3.5804	35.8616	1	0	1	0
6	900	101	3	56.0601	49.9999	1	0	1	0
6	900	102	3	108.6728	36.0022	1	0	1	0
6	900	103	3	139.6979	7.7322	1	0	1	0
6	900	104	3	166.5135	-22.438	1	0	1	0
6	900	105	3	-153.4343	-45.9981	1	0	1	0
6	900	106	3	-94.3942	-46.0853	1	0	1	0
6	900	107	3	-54.2078	-22.604	1	0	1	0
6	900	108	3	-27.3693	7.5563	1	0	1	0
6	960	1	3	36.6698	37.8413	1	0	1	0
6	960	2	3	90.9758	49.893	1	0	1	0
6	960	3	3	141.607	33.9404	1	0	1	0
6	960	4	3	171.6127	5.1963	1	0	1	0
6	960	5	3	-161.1899	-24.8075	1	0	1	0
6	960	6	3	-119.1562	-47.1712	1	0	1	0
6	960	7	3	-60.3032	-44.7525	1	0	1	0
6	960	8	3	-21.9918	-20.1984	1	0	1	0
6	960	9	3	4.5695	10.082	1	0	1	0
6	960	10	3	66.6698	37.8413	1	0	1	0
6	960	11	3	120.9758	49.893	1	0	1	0
6	960	12	3	171.607	33.9404	1	0	1	0
6	960	13	3	-158.3873	5.1963	1	0	1	0
6	960	14	3	-131.1899	-24.8075	1	0	1	0
6	960	15	3	-89.1562	-47.1712	1	0	1	0
6	960	16	3	-30.3032	-44.7525	1	0	1	0
6	960	17	3	8.0082	-20.1984	1	0	1	0
6	960	18	3	34.5695	10.082	1	0	1	0
6	960	19	3	96.6698	37.8413	1	0	1	0
6	960	20	3	150.9758	49.893	1	0	1	0
6	960	21	3	-158.393	33.9404	1	0	1	0
6	960	22	3	-128.3873	5.1963	1	0	1	0
6	960	23	3	-101.1899	-24.8075	1	0	1	0
6	960	24	3	-59.1562	-47.1712	1	0	1	0
6	960	25	3	-0.3032	-44.7525	1	0	1	0
6	960	26	3	38.0082	-20.1984	1	0	1	0
6	960	27	3	64.5695	10.082	1	0	1	0
6	960	28	3	126.6698	37.8413	1	0	1	0
6	960	29	3	-179.0242	49.893	1	0	1	0
6	960	30	3	-128.393	33.9404	1	0	1	0
6	960	31	3	-98.3873	5.1963	1	0	1	0
6	960	32	3	-71.1899	-24.8075	1	0	1	0
6	960	33	3	-29.1562	-47.1712	1	0	1	0
6	960	34	3	29.6968	-44.7525	1	0	1	0
6	960	35	3	68.0082	-20.1984	1	0	1	0
6	960	36	3	94.5695	10.082	1	0	1	0
6	960	37	3	156.6698	37.8413	1	0	1	0
6	960	38	3	-149.0242	49.893	1	0	1	0
6	960	39	3	-98.393	33.9404	1	0	1	0
6	960	40	3	-68.3873	5.1963	1	0	1	0
6	960	41	3	-41.1899	-24.8075	1	0	1	0
6	960	42	3	0.8438	-47.1712	1	0	1	0
6	960	43	3	59.6968	-44.7525	1	0	1	0
6	960	44	3	98.0082	-20.1984	1	0	1	0
6	960	45	3	124.5695	10.082	1	0	1	0
6	960	46	3	-173.3302	37.8413	1	0	1	0
6	960	47	3	-119.0242	49.893	1	0	1	0
6	960	48	3	-68.393	33.9404	1	0	1	0
6	960	49	3	-38.3873	5.1963	1	0	1	0
6	960	50	3	-11.1899	-24.8075	1	0	1	0
6	960	51	3	30.8438	-47.1712	1	0	1	0
6	960	52	3	89.6968	-44.7525	1	0	1	0
6	960	53	3	128.0082	-20.1984	1	0	1	0
6	960	54	3	154.5695	10.082	1	0	1	0
6	960	55	3	-143.3302	37.8413	1	0	1	0
6	960	56	3	-89.0242	49.893	1	0	1	0
6	960	57	3	-38.393	33.9404	1	0	1	0
6	960	58	3	-8.3873	5.1963	1	0	1	0
6	960	59	3	18.8101	-24.8075	1	0	1	0
6	960	60	3	60.8438	-47.1712	1	0	1	0
6	960	61	3	119.6968	-44.7525	1	0	1	0
6	960	62	3	158.0082	-20.1984	1	0	1	0
6	960	63	3	-175.4305	10.082	1	0	1	0
6	960	64	3	-113.3302	37.8413	1	0	1	0
6	960	65	3	-59.0242	49.893	1	0	1	0
6	960	66	3	-8.393	33.9404	1	0	1	0
6	960	67	3	21.6127	5.1963	1	0	1	0
6	960	68	3	48.8101	-24.8075	1	0	1	0
6	960	69	3	90.8438	-47.1712	1	0	1	0
6	960	70	3	149.6968	-44.7525	1	0	1	0
6	960	71	3	-171.9918	-20.1984	1	0	1	0
6	960	72	3	-145.4305	10.082	1	0	1	0
6	960	73	3	-83.3302	37.8413	1	0	1	0
6	960	74	3	-29.0242	49.893	1	0	1	0
6	960	75	3	21.607	33.9404	1	0	1	0
6	960	76	3	51.6127	5.1963	1	0	1	0
6	960	77	3	78.8101	-24.8075	1	0	1	0
6	960	78	3	120.8438	-47.1712	1	0	1	0
6	960	79	3	-180.3032	-44.7525	1	0	1	0
6	960	80	3	-141.9918	-20.1984	1	0	1	0
6	960	81	3	-115.4305	10.082	1	0	1	0
6	960	82	3	-53.3302	37.8413	1	0	1	0
6	960	83	3	0.9758	49.893	1	0	1	0
6	960	84	3	51.607	33.9404	1	0	1	0
6	960	85	3	81.6127	5.1963	1	0	1	0
6	960	86	3	108.8101	-24.8075	1	0	1	0
6	960	87	3	150.8438	-47.1712	1	0	1	0
6	960	88	3	-150.3032	-44.7525	1	0	1	0
6	960	89	3	-111.9918	-20.1984	1	0	1	0
6	960	90	3	-85.4305	10.082	1	0	1	0
6	960	91	3	-23.3302	37.8413	1	0	1	0
6	960	92	3	30.9758	49.893	1	0	1	0
6	960	93	3	81.607	33.9404	1	0	1	0
6	960	94	3	111.6127	5.1963	1	0	1	0
6	960	95	3	138.8101	-24.8075	1	0	1	0
6	960	96	3	-179.1562	-47.1712	1	0	1	0
6	960	97	3	-120.3032	-44.7525	1	0	1	0
6	960	98	3	-81.9918	-20.1984	1	0	1	0
6	960	99	3	-55.4305	10.082	1	0	1	0
6	960	100	3	6.6698	37.8413	1	0	1	0
6	960	101	3	60.9758	49.893	1	0	1	0
6	960	102	3	111.607	33.9404	1	0	1	0
6	960	103	3	141.6127	5.1963	1	0	1	0
6	960	104	3	168.8101	-24.8075	1	0	1	0
6	960	105	3	-149.1562	-47.1712	1	0	1	0
6	960	106	3	-90.3032	-44.7525	1	0	1	0
6	960	107	3	-51.9918	-20.1984	1	0	1	0
6	960	108	3	-25.4305	10.082	1	0	1	0
6	1020	1	3	39.9387	39.7215	1	0	1	0
6	1020	2	3	95.8445	49.5583	1	0	1	0
6	1020	3	3	144.3879	31.8005	1	0	1	0
6	1020	4	3	173.5102	2.6531	1	0	1	0
6	1020	5	3	-158.795	-27.1322	1	0	1	0
6	1020	6	3	-114.6904	-48.1582	1	0	1	0
6	1020	7	3	-56.419	-43.2629	1	0	1	0
6	1020	8	3	-19.8514	-17.7595	1	0	1	0
6	1020	9	3	6.5429	12.5931	1	0	1	0
6	1020	10	3	69.9387	39.7215	1	0	1	0
6	1020	11	3	125.8445	49.5583	1	0	1	0
6	1020	12	3	174.3879	31.8005	1	0	1	0
6	1020	13	3	-156.4898	2.6531	1	0	1	0
6	1020	14	3	-128.795	-27.1322	1	0	1	0
6	1020	15	3	-84.6904	-48.1582	1	0	1	0
6	1020	16	3	-26.419	-43.2629	1	0	1	0
6	1020	17	3	10.1486	-17.7595	1	0	1	0
6	1020	18	3	36.5429	12.5931	1	0	1	0
6	1020	19	3	99.9387	39.7215	1	0	1	0
6	1020	20	3	155.8445	49.5583	1	0	1	0
6	1020	21	3	-155.6121	31.8005	1	0	1	0
6	1020	22	3	-126.4898	2.6531	1	0	1	0
6	1020	23	3	-98.795	-27.1322	1	0	1	0
6	1020	24	3	-54.6904	-48.1582	1	0	1	0
6	1020	25	3	3.581	-43.2629	1	0	1	0
6	1020	26	3	40.1486	-17.7595	1	0	1	0
6	1020	27	3	66.5429	12.5931	1	0	1	0
6	1020	28	3	129.9387	39.7215	1	0	1	0
6	1020	29	3	-174.1555	49.5583	1	0	1	0
6	1020	30	3	-125.6121	31.8005	1	0	1	0
6	1020	31	3	-96.4898	2.6531	1	0	1	0
6	1020	32	3	-68.795	-27.1322	1	0	1	0
6	1020	33	3	-24.6904	-48.1582	1	0	1	0
6	1020	34	3	33.581	-43.2629	1	0	1	0
6	1020	35	3	70.1486	-17.7595	1	0	1	0
6	1020	36	3	96.5429	12.5931	1	0	1	0
6	1020	37	3	159.9387	39.7215	1	0	1	0
6	1020	38	3	-144.1555	49.5583	1	0	1	0
6	1020	39	3	-95.6121	31.8005	1	0	1	0
6	1020	40	3	-66.4898	2.6531	1	0	1	0
6	1020	41	3	-38.795	-27.1322	1	0	1	0
6	1020	42	3	5.3096	-48.1582	1	0	1	0
6	1020	43	3	63.581	-43.2629	1	0	1	0
6	1020	44	3	100.1486	-17.7595	1	0	1	0
6	1020	45	3	126.5429	12.5931	1	0	1	0
6	1020	46	3	-170.0613	39.7215	1	0	1	0
6	1020	47	3	-114.1555	49.5583	1	0	1	0
6	1020	48	3	-65.6121	31.8005	1	0	1	0
6	1020	49	3	-36.4898	2.6531	1	0	1	0
6	1020	50	3	-8.795	-27.1322	1	0	1	0
6	1020	51	3	35.3096	-48.1582	1	0	1	0
6	1020	52	3	93.581	-43.2629	1	0	1	0
6	1020	53	3	130.1486	-17.7595	1	0	1	0
6	1020	54	3	156.5429	12.5931	1	0	1	0
6	1020	55	3	-140.0613	39.7215	1	0	1	0
6	1020	56	3	-84.1555	49.5583	1	0	1	0
6	1020	57	3	-35.6121	31.8005	1	0	1	0
6	1020	58	3	-6.4898	2.6531	1	0	1	0
6	1020	59	3	21.205	-27.1322	1	0	1	0
6	1020	60	3	65.3096	-48.1582	1	0	1	0
6	1020	61	3	123.581	-43.2629	1	0	1	0
6	1020	62	3	160.1486	-17.7595	1	0	1	0
6	1020	63	3	-173.4571	12.5931	1	0	1	0
6	1020	64	3	-110.0613	39.7215	1	0	1	0
6	1020	65	3	-54.1555	49.5583	1	0	1	0
6	1020	66	3	-5.6121	31.8005	1	0	1	0
6	1020	67	3	23.5102	2.6531	1	0	1	0
6	1020	68	3	51.205	-27.1322	1	0	1	0
6	1020	69	3	95.3096	-48.1582	1	0	1	0
6	1020	70	3	153.581	-43.2629	1	0	1	0
6	1020	71	3	-169.8514	-17.7595	1	0	1	0
6	1020	72	3	-143.4571	12.5931	1	0	1	0
6	1020	73	3	-80.0613	39.7215	1	0	1	0
6	1020	74	3	-24.1555	49.5583	1	0	1	0
6	1020	75	3	24.3879	31.8005	1	0	1	0
6	1020	76	3	53.5102	2.6531	1	0	1	0
6	1020	77	3	81.205	-27.1322	1	0	1	0
6	1020	78	3	125.3096	-48.1582	1	0	1	0
6	1020	79	3	-176.419	-43.2629	1	0	1	0
6	1020	80	3	-139.8514	-17.7595	1	0	1	0
6	1020	81	3	-113.4571	12.5931	1	0	1	0
6	1020	82	3	-50.0613	39.7215	1	0	1	0
6	1020	83	3	5.8445	49.5583	1	0	1	0
6	1020	84	3	54.3879	31.8005	1	0	1	0
6	1020	85	3	83.5102	2.6531	1	0	1	0
6	1020	86	3	111.205	-27.1322	1	0	1	0
6	1020	87	3	155.3096	-48.1582	1	0	1	0
6	1020	88	3	-146.419	-43.2629	1	0	1	0
6	1020	89	3	-109.8514	-17.7595	1	0	1	0
6	1020	90	3	-83.4571	12.5931	1	0	1	0
6	1020	91	3	-20.0613	39.7215	1	0	1	0
6	1020	92	3	35.8445	49.5583	1	0	1	0
6	1020	93	3	84.3879	31.8005	1	0	1	0
6	1020	94	3	113.5102	2.6531	1	0	1	0
6	1020	95	3	141.205	-27.1322	1	0	1	0
6	1020	96	3	-174.6904	-48.1582	1	0	1	0
6	1020	97	3	-116.419	-43.2629	1	0	1	0
6	1020	98	3	-79.8514	-17.7595	1	0	1	0
6	1020	99	3	-53.4571	12.5931	1	0	1	0
6	1020	100	3	9.9387	39.7215	1	0	1	0
6	1020	101	3	65.8445	49.5583	1	0	1	0
6	1020	102	3	114.3879	31.8005	1	0	1	0
6	1020	103	3	143.5102	2.6531	1	0	1	0
6	1020	104	3	171.205	-27.1322	1	0	1	0
6	1020	105	3	-144.6904	-48.1582	1	0	1	0
6	1020	106	3	-86.419	-43.2629	1	0	1	0
6	1020	107	3	-49.8514	-17.7595	1	0	1	0
6	1020	108	3	-23.4571	12.5931	1	0	1	0
6	1080	1	3	43.3987	41.4897	1	0	1	0
6	1080	2	3	100.6207	49.0015	1	0	1	0
6	1080	3	3	147.0293	29.5921	1	0	1	0
6	1080	4	3	175.3987	0.1062	1	0	1	0
6	1080	5	3	-156.2889	-29.4052	1	0	1	0
6	1080	6	3	-110.0587	-48.9453	1	0	1	0
6	1080	7	3	-52.7414	-41.6316	1	0	1	0
6	1080	8	3	-17.7757	-15.2923	1	0	1	0
6	1080	9	3	8.56	15.0855	1	0	1	0
6	1080	10	3	73.3987	41.4897	1	0	1	0
6	1080	11	3	130.6207	49.0015	1	0	1	0
6	1080	12	3	-182.9707	29.5921	1	0	1	0
6	1080	13	3	-154.6013	0.1062	1	0	1	0
6	1080	14	3	-126.2889	-29.4052	1	0	1	0
6	1080	15	3	-80.0587	-48.9453	1	0	1	0
6	1080	16	3	-22.7414	-41.6316	1	0	1	0
6	1080	17	3	12.2243	-15.2923	1	0	1	0
6	1080	18	3	38.56	15.0855	1	0	1	0
6	1080	19	3	103.3987	41.4897	1	0	1	0
6	1080	20	3	160.6207	49.0015	1	0	1	0
6	1080	21	3	-152.9707	29.5921	1	0	1	0
6	1080	22	3	-124.6013	0.1062	1	0	1	0
6	1080	23	3	-96.2889	-29.4052	1	0	1	0
6	1080	24	3	-50.0587	-48.9453	1	0	1	0
6	1080	25	3	7.2586	-41.6316	1	0	1	0
6	1080	26	3	42.2243	-15.2923	1	0	1	0
6	1080	27	3	68.56	15.0855	1	0	1	0
6	1080	28	3	133.3987	41.4897	1	0	1	0
6	1080	29	3	-169.3793	49.0015	1	0	1	0
6	1080	30	3	-122.9707	29.5921	1	0	1	0
6	1080	31	3	-94.6013	0.1062	1	0	1	0
6	1080	32	3	-66.2889	-29.4052	1	0	1	0
6	1080	33	3	-20.0587	-48.9453	1	0	1	0
6	1080	34	3	37.2586	-41.6316	1	0	1	0
6	1080	35	3	72.2243	-15.2923	1	0	1	0
6	1080	36	3	98.56	15.0855	1	0	1	0
6	1080	37	3	163.3987	41.4897	1	0	1	0
6	1080	38	3	-139.3793	49.0015	1	0	1	0
6	1080	39	3	-92.9707	29.5921	1	0	1	0
6	1080	40	3	-64.6013	0.1062	1	0	1	0
6	1080	41	3	-36.2889	-29.4052	1	0	1	0
6	1080	42	3	9.9413	-48.9453	1	0	1	0
6	1080	43	3	67.2586	-41.6316	1	0	1	0
6	1080	44	3	102.2243	-15.2923	1	0	1	0
6	1080	45	3	128.56	15.0855	1	0	1	0
6	1080	46	3	-166.6013	41.4897	1	0	1	0
6	1080	47	3	-109.3793	49.0015	1	0	1	0
6	1080	48	3	-62.9707	29.5921	1	0	1	0
6	1080	49	3	-34.6013	0.1062	1	0	1	0
6	1080	50	3	-6.2889	-29.4052	1	0	1	0
6	1080	51	3	39.9413	-48.9453	1	0	1	0
6	1080	52	3	97.2586	-41.6316	1	0	1	0
6	1080	53	3	132.2243	-15.2923	1	0	1	0
6	1080	54	3	158.56	15.0855	1	0	1	0
6	1080	55	3	-136.6013	41.4897	1	0	1	0
6	1080	56	3	-79.3793	49.0015	1	0	1	0
6	1080	57	3	-32.9707	29.5921	1	0	1	0
6	1080	58	3	-4.6013	0.1062	1	0	1	0
6	1080	59	3	23.7111	-29.4052	1	0	1	0
6	1080	60	3	69.9413	-48.9453	1	0	1	0
6	1080	61	3	127.2586	-41.6316	1	0	1	0
6	1080	62	3	162.2243	-15.2923	1	0	1	0
6	1080	63	3	-171.44	15.0855	1	0	1	0
6	1080	64	3	-106.6013	41.4897	1	0	1	0
6	1080	65	3	-49.3793	49.0015	1	0	1	0
6	1080	66	3	-2.9707	29.5921	1	0	1	0
6	1080	67	3	25.3987	0.1062	1	0	1	0
6	1080	68	3	53.7111	-29.4052	1	0	1	0
6	1080	69	3	99.9413	-48.9453	1	0	1	0
6	1080	70	3	157.2586	-41.6316	1	0	1	0
6	1080	71	3	-167.7757	-15.2923	1	0	1	0
6	1080	72	3	-141.44	15.0855	1	0	1	0
6	1080	73	3	-76.6013	41.4897	1	0	1	0
6	1080	74	3	-19.3793	49.0015	1	0	1	0
6	1080	75	3	27.0293	29.5921	1	0	1	0
6	1080	76	3	55.3987	0.1062	1	0	1	0
6	1080	77	3	83.7111	-29.4052	1	0	1	0
6	1080	78	3	129.9413	-48.9453	1	0	1	0
6	1080	79	3	-172.7414	-41.6316	1	0	1	0
6	1080	80	3	-137.7757	-15.2923	1	0	1	0
6	1080	81	3	-111.44	15.0855	1	0	1	0
6	1080	82	3	-46.6013	41.4897	1	0	1	0
6	1080	83	3	10.6207	49.0015	1	0	1	0
6	1080	84	3	57.0293	29.5921	1	0	1	0
6	1080	85	3	85.3987	0.1062	1	0	1	0
6	1080	86	3	113.7111	-29.4052	1	0	1	0
6	1080	87	3	159.9413	-48.9453	1	0	1	0
6	1080	88	3	-142.7414	-41.6316	1	0	1	0
6	1080	89	3	-107.7757	-15.2923	1	0	1	0
6	1080	90	3	-81.44	15.0855	1	0	1	0
6	1080	91	3	-16.6013	41.4897	1	0	1	0
6	1080	92	3	40.6207	49.0015	1	0	1	0
6	1080	93	3	87.0293	29.5921	1	0	1	0
6	1080	94	3	115.3987	0.1062	1	0	1	0
6	1080	95	3	143.7111	-29.4052	1	0	1	0
6	1080	96	3	-170.0587	-48.9453	1	0	1	0
6	1080	97	3	-112.7414	-41.6316	1	0	1	0
6	1080	98	3	-77.7757	-15.2923	1	0	1	0
6	1080	99	3	-51.44	15.0855	1	0	1	0
6	1080	100	3	13.3987	41.4897	1	0	1	0
6	1080	101	3	70.6207	49.0015	1	0	1	0
6	1080	102	3	117.0293	29.5921	1	0	1	0
6	1080	103	3	145.3987	0.1062	1	0	1	0
6	1080	104	3	173.7111	-29.4052	1	0	1	0
6	1080	105	3	-140.0587	-48.9453	1	0	1	0
6	1080	106	3	-82.7414	-41.6316	1	0	1	0
6	1080	107	3	-47.7757	-15.2923	1	0	1	0
6	1080	108	3	-21.44	15.0855	1	0	1	0
6	1140	1	3	47.0593	43.132	1	0	1	0
6	1140	2	3	105.2649	48.2317	1	0	1	0
6	1140	3	3	149.5452	27.3238	1	0	1	0
6	1140	4	3	-182.713	-2.4408	1	0	1	0
6	1140	5	3	-153.6584	-31.6189	1	0	1	0
6	1140	6	3	-105.2921	-49.5202	1	0	1	0
6	1140	7	3	-49.2649	-39.8734	1	0	1	0
6	1140	8	3	-15.7544	-12.8017	1	0	1	0
6	1140	9	3	10.6308	17.5547	1	0	1	0
6	1140	10	3	77.0593	43.132	1	0	1	0
6	1140	11	3	135.2649	48.2317	1	0	1	0
6	1140	12	3	-180.4548	27.3238	1	0	1	0
6	1140	13	3	-152.713	-2.4408	1	0	1	0
6	1140	14	3	-123.6584	-31.6189	1	0	1	0
6	1140	15	3	-75.2921	-49.5202	1	0	1	0
6	1140	16	3	-19.2649	-39.8734	1	0	1	0
6	1140	17	3	14.2456	-12.8017	1	0	1	0
6	1140	18	3	40.6308	17.5547	1	0	1	0
6	1140	19	3	107.0593	43.132	1	0	1	0
6	1140	20	3	165.2649	48.2317	1	0	1	0
6	1140	21	3	-150.4548	27.3238	1	0	1	0
6	1140	22	3	-122.713	-2.4408	1	0	1	0
6	1140	23	3	-93.6584	-31.6189	1	0	1	0
6	1140	24	3	-45.2921	-49.5202	1	0	1	0
6	1140	25	3	10.7351	-39.8734	1	0	1	0
6	1140	26	3	44.2456	-12.8017	1	0	1	0
6	1140	27	3	70.6308	17.5547	1	0	1	0
6	1140	28	3	137.0593	43.132	1	0	1	0
6	1140	29	3	-164.7351	48.2317	1	0	1	0
6	1140	30	3	-120.4548	27.3238	1	0	1	0
6	1140	31	3	-92.713	-2.4408	1	0	1	0
6	1140	32	3	-63.6584	-31.6189	1	0	1	0
6	1140	33	3	-15.2921	-49.5202	1	0	1	0
6	1140	34	3	40.7351	-39.8734	1	0	1	0
6	1140	35	3	74.2456	-12.8017	1	0	1	0
6	1140	36	3	100.6308	17.5547	1	0	1	0
6	1140	37	3	167.0593	43.132	1	0	1	0
6	1140	38	3	-134.7351	48.2317	1	0	1	0
6	1140	39	3	-90.4548	27.3238	1	0	1	0
6	1140	40	3	-62.713	-2.4408	1	0	1	0
6	1140	41	3	-33.6584	-31.6189	1	0	1	0
6	1140	42	3	14.7079	-49.5202	1	0	1	0
6	1140	43	3	70.7351	-39.8734	1	0	1	0
6	1140	44	3	104.2456	-12.8017	1	0	1	0
6	1140	45	3	130.6308	17.5547	1	0	1	0
6	1140	46	3	-162.9407	43.132	1	0	1	0
6	1140	47	3	-104.7351	48.2317	1	0	1	0
6	1140	48	3	-60.4548	27.3238	1	0	1	0
6	1140	49	3	-32.713	-2.4408	1	0	1	0
6	1140	50	3	-3.6584	-31.6189	1	0	1	0
6	1140	51	3	44.7079	-49.5202	1	0	1	0
6	1140	52	3	100.7351	-39.8734	1	0	1	0
6	1140	53	3	134.2456	-12.8017	1	0	1	0
6	1140	54	3	160.6308	17.5547	1	0	1	0
6	1140	55	3	-132.9407	43.132	1	0	1	0
6	1140	56	3	-74.7351	48.2317	1	0	1	0
6	1140	57	3	-30.4548	27.3238	1	0	1	0
6	1140	58	3	-2.713	-2.4408	1	0	1	0
6	1140	59	3	26.3416	-31.6189	1	0	1	0
6	1140	60	3	74.7079	-49.5202	1	0	1	0
6	1140	61	3	130.7351	-39.8734	1	0	1	0
6	1140	62	3	164.2456	-12.8017	1	0	1	0
6	1140	63	3	-169.3692	17.5547	1	0	1	0
6	1140	64	3	-102.9407	43.132	1	0	1	0
6	1140	65	3	-44.7351	48.2317	1	0	1	0
6	1140	66	3	-0.4548	27.3238	1	0	1	0
6	1140	67	3	27.287	-2.4408	1	0	1	0
6	1140	68	3	56.3416	-31.6189	1	0	1	0
6	1140	69	3	104.7079	-49.5202	1	0	1	0
6	1140	70	3	160.7351	-39.8734	1	0	1	0
6	1140	71	3	-165.7544	-12.8017	1	0	1	0
6	1140	72	3	-139.3692	17.5547	1	0	1	0
6	1140	73	3	-72.9407	43.132	1	0	1	0
6	1140	74	3	-14.7351	48.2317	1	0	1	0
6	1140	75	3	29.5452	27.3238	1	0	1	0
6	1140	76	3	57.287	-2.4408	1	0	1	0
6	1140	77	3	86.3416	-31.6189	1	0	1	0
6	1140	78	3	134.7079	-49.5202	1	0	1	0
6	1140	79	3	-169.2649	-39.8734	1	0	1	0
6	1140	80	3	-135.7544	-12.8017	1	0	1	0
6	1140	81	3	-109.3692	17.5547	1	0	1	0
6	1140	82	3	-42.9407	43.132	1	0	1	0
6	1140	83	3	15.2649	48.2317	1	0	1	0
6	1140	84	3	59.5452	27.3238	1	0	1	0
6	1140	85	3	87.287	-2.4408	1	0	1	0
6	1140	86	3	116.3416	-31.6189	1	0	1	0
6	1140	87	3	164.7079	-49.5202	1	0	1	0
6	1140	88	3	-139.2649	-39.8734	1	0	1	0
6	1140	89	3	-105.7544	-12.8017	1	0	1	0
6	1140	90	3	-79.3692	17.5547	1	0	1	0
6	1140	91	3	-12.9407	43.132	1	0	1	0
6	1140	92	3	45.2649	48.2317	1	0	1	0
6	1140	93	3	89.5452	27.3238	1	0	1	0
6	1140	94	3	117.287	-2.4408	1	0	1	0
6	1140	95	3	146.3416	-31.6189	1	0	1	0
6	1140	96	3	-165.2921	-49.5202	1	0	1	0
6	1140	97	3	-109.2649	-39.8734	1	0	1	0
6	1140	98	3	-75.7544	-12.8017	1	0	1	0
6	1140	99	3	-49.3692	17.5547	1	0	1	0
6	1140	100	3	17.0593	43.132	1	0	1	0
6	1140	101	3	75.2649	48.2317	1	0	1	0
6	1140	102	3	119.5452	27.3238	1	0	1	0
6	1140	103	3	147.287	-2.4408	1	0	1	0
6	1140	104	3	-183.6584	-31.6189	1	0	1	0
6	1140	105	3	-135.2921	-49.5202	1	0	1	0
6	1140	106	3	-79.2649	-39.8734	1	0	1	0
6	1140	107	3	-45.7544	-12.8017	1	0	1	0
6	1140	108	3	-19.3692	17.5547	1	0	1	0
6	1200	1	3	50.9262	44.634	1	0	1	0
6	1200	2	3	109.7456	47.2608	1	0	1	0
6	1200	3	3	151.949	25.0031	1	0	1	0
6	1200	4	3	-180.8167	-4.9845	1	0	1	0
6	1200	5	3	-150.8897	-33.7648	1	0	1	0
6	1200	6	3	-100.4294	-49.8737	1	0	1	0
6	1200	7	3	-45.9805	-38.0021	1	0	1	0
6	1200	8	3	-13.7778	-10.2921	1	0	1	0
6	1200	9	3	12.7654	19.9962	1	0	1	0
6	1200	10	3	80.9262	44.634	1	0	1	0
6	1200	11	3	139.7456	47.2608	1	0	1	0
6	1200	12	3	-178.051	25.0031	1	0	1	0
6	1200	13	3	-150.8167	-4.9845	1	0	1	0
6	1200	14	3	-120.8897	-33.7648	1	0	1	0
6	1200	15	3	-70.4294	-49.8737	1	0	1	0
6	1200	16	3	-15.9805	-38.0021	1	0	1	0
6	1200	17	3	16.2222	-10.2921	1	0	1	0
6	1200	18	3	42.7654	19.9962	1	0	1	0
6	1200	19	3	110.9262	44.634	1	0	1	0
6	1200	20	3	169.7456	47.2608	1	0	1	0
6	1200	21	3	-148.051	25.0031	1	0	1	0
6	1200	22	3	-120.8167	-4.9845	1	0	1	0
6	1200	23	3	-90.8897	-33.7648	1	0	1	0
6	1200	24	3	-40.4294	-49.8737	1	0	1	0
6	1200	25	3	14.0195	-38.0021	1	0	1	0
6	1200	26	3	46.2222	-10.2921	1	0	1	0
6	1200	27	3	72.7654	19.9962	1	0	1	0
6	1200	28	3	140.9262	44.634	1	0	1	0
6	1200	29	3	-160.2544	47.2608	1	0	1	0
6	1200	30	3	-118.051	25.0031	1	0	1	0
6	1200	31	3	-90.8167	-4.9845	1	0	1	0
6	1200	32	3	-60.8897	-33.7648	1	0	1	0
6	1200	33	3	-10.4294	-49.8737	1	0	1	0
6	1200	34	3	44.0195	-38.0021	1	0	1	0
6	1200	35	3	76.2222	-10.2921	1	0	1	0
6	1200	36	3	102.7654	19.9962	1	0	1	0
6	1200	37	3	170.9262	44.634	1	0	1	0
6	1200	38	3	-130.2544	47.2608	1	0	1	0
6	1200	39	3	-88.051	25.0031	1	0	1	0
6	1200	40	3	-60.8167	-4.9845	1	0	1	0
6	1200	41	3	-30.8897	-33.7648	1	0	1	0
6	1200	42	3	19.5706	-49.8737	1	0	1	0
6	1200	43	3	74.0195	-38.0021	1	0	1	0
6	1200	44	3	106.2222	-10.2921	1	0	1	0
6	1200	45	3	132.7654	19.9962	1	0	1	0
6	1200	46	3	-159.0738	44.634	1	0	1	0
6	1200	47	3	-100.2544	47.2608	1	0	1	0
6	1200	48	3	-58.051	25.0031	1	0	1	0
6	1200	49	3	-30.8167	-4.9845	1	0	1	0
6	1200	50	3	-0.8897	-33.7648	1	0	1	0
6	1200	51	3	49.5706	-49.8737	1	0	1	0
6	1200	52	3	104.0195	-38.0021	1	0	1	0
6	1200	53	3	136.2222	-10.2921	1	0	1	0
6	1200	54	3	162.7654	19.9962	1	0	1	0
6	1200	55	3	-129.0738	44.634	1	0	1	0
6	1200	56	3	-70.2544	47.2608	1	0	1	0
6	1200	57	3	-28.051	25.0031	1	0	1	0
6	1200	58	3	-0.8167	-4.9845	1	0	1	0
6	1200	59	3	29.1103	-33.7648	1	0	1	0
6	1200	60	3	79.5706	-49.8737	1	0	1	0
6	1200	61	3	134.0195	-38.0021	1	0	1	0
6	1200	62	3	166.2222	-10.2921	1	0	1	0
6	1200	63	3	-167.2346	19.9962	1	0	1	0
6	1200	64	3	-99.0738	44.634	1	0	1	0
6	1200	65	3	-40.2544	47.2608	1	0	1	0
6	1200	66	3	1.949	25.0031	1	0	1	0
6	1200	67	3	29.1833	-4.9845	1	0	1	0
6	1200	68	3	59.1103	-33.7648	1	0	1	0
6	1200	69	3	109.5706	-49.8737	1	0	1	0
6	1200	70	3	164.0195	-38.0021	1	0	1	0
6	1200	71	3	-163.7778	-10.2921	1	0	1	0
6	1200	72	3	-137.2346	19.9962	1	0	1	0
6	1200	73	3	-69.0738	44.634	1	0	1	0
6	1200	74	3	-10.2544	47.2608	1	0	1	0
6	1200	75	3	31.949	25.0031	1	0	1	0
6	1200	76	3	59.1833	-4.9845	1	0	1	0
6	1200	77	3	89.1103	-33.7648	1	0	1	0
6	1200	78	3	139.5706	-49.8737	1	0	1	0
6	1200	79	3	-165.9805	-38.0021	1	0	1	0
6	1200	80	3	-133.7778	-10.2921	1	0	1	0
6	1200	81	3	-107.2346	19.9962	1	0	1	0
6	1200	82	3	-39.0738	44.634	1	0	1	0
6	1200	83	3	19.7456	47.2608	1	0	1	0
6	1200	84	3	61.949	25.0031	1	0	1	0
6	1200	85	3	89.1833	-4.9845	1	0	1	0
6	1200	86	3	119.1103	-33.7648	1	0	1	0
6	1200	87	3	169.5706	-49.8737	1	0	1	0
6	1200	88	3	-135.9805	-38.0021	1	0	1	0
6	1200	89	3	-103.7778	-10.2921	1	0	1	0
6	1200	90	3	-77.2346	19.9962	1	0	1	0
6	1200	91	3	-9.0738	44.634	1	0	1	0
6	1200	92	3	49.7456	47.2608	1	0	1	0
6	1200	93	3	91.949	25.0031	1	0	1	0
6	1200	94	3	119.1833	-4.9845	1	0	1	0
6	1200	95	3	149.1103	-33.7648	1	0	1	0
6	1200	96	3	-160.4294	-49.8737	1	0	1	0
6	1200	97	3	-105.9805	-38.0021	1	0	1	0
6	1200	98	3	-73.7778	-10.2921	1	0	1	0
6	1200	99	3	-47.2346	19.9962	1	0	1	0
6	1200	100	3	20.9262	44.634	1	0	1	0
6	1200	101	3	79.7456	47.2608	1	0	1	0
6	1200	102	3	121.949	25.0031	1	0	1	0
6	1200	103	3	149.1833	-4.9845	1	0	1	0
6	1200	104	3	-180.8897	-33.7648	1	0	1	0
6	1200	105	3	-130.4294	-49.8737	1	0	1	0
6	1200	106	3	-75.9805	-38.0021	1	0	1	0
6	1200	107	3	-43.7778	-10.2921	1	0	1	0
6	1200	108	3	-17.2346	19.9962	1	0	1	0
